-0.995900,0.000000,0.090467
-0.979552,0.000000,0.201190
-0.952764,0.000000,0.303710
-0.915427,0.000000,0.402484
-0.866868,0.000000,0.498538
-0.806266,0.000000,0.591553
-0.738573,0.000000,0.674174
-0.663407,0.000000,0.748258
-0.575505,0.000000,0.817798
-0.484089,0.000000,0.875019
-0.389556,0.000000,0.921003
-0.288107,0.000000,0.957598
-0.181271,0.000000,0.983433
-0.072035,0.000000,0.997402
0.035387,0.000000,0.999374
0.143167,0.000000,0.989699
0.247185,0.000000,0.968968
0.349632,0.000000,0.936887
0.446299,0.000000,0.894884
0.537816,0.000000,0.843062
0.626901,0.000000,0.779099
0.532111,0.000000,0.846675
0.437868,0.000000,0.899039
0.339354,0.000000,0.940659
0.234990,0.000000,0.971998
0.122848,0.000000,0.992426
0.233423,0.000000,0.972375
0.341321,0.000000,0.939947
0.453168,0.000000,0.891425
0.547384,0.000000,0.836882
0.633556,0.000000,0.773697
0.712645,0.000000,0.701525
0.785026,0.000000,0.619462
0.848784,0.000000,0.528740
0.904775,0.000000,0.425890
0.947249,0.000000,0.320500
0.976078,0.000000,0.217420
0.994075,0.000000,0.108697
1.000000,0.000000,0.000031
0.993990,0.000000,-0.109471
0.976798,0.000000,-0.214163
0.948526,0.000000,-0.316699
0.901113,0.000000,-0.433585
0.848032,0.000000,-0.529945
0.782746,0.000000,-0.622342
0.709630,0.000000,-0.704574
0.630487,0.000000,-0.776200
0.533726,0.000000,-0.845658
0.431384,0.000000,-0.902168
0.327630,0.000000,-0.944806
0.226718,0.000000,-0.973960
0.328340,0.000000,-0.944560
0.430038,0.000000,-0.902811
0.537607,0.000000,-0.843195
0.627749,0.000000,-0.778416
0.706777,0.000000,-0.707437
0.777321,0.000000,-0.629104
0.843483,0.000000,-0.537156
0.896705,0.000000,-0.442629
0.938572,0.000000,-0.345084
0.969919,0.000000,-0.243426
0.991851,0.000000,-0.127404
0.999878,0.000000,-0.015608
0.994414,0.000000,0.105547
0.977389,0.000000,0.211450
0.994529,0.000000,0.104459
1.000000,0.000000,-0.000655
0.994215,0.000000,-0.107409
0.976432,0.000000,-0.215825
0.948107,0.000000,-0.317952
0.909498,0.000000,-0.415709
0.861010,0.000000,-0.508588
0.799945,0.000000,-0.600074
0.729757,0.000000,-0.683706
0.648672,0.000000,-0.761068
0.561422,0.000000,-0.827530
0.471528,0.000000,-0.881851
0.371412,0.000000,-0.928468
0.268345,0.000000,-0.963323
0.165065,0.000000,-0.986283
0.055974,0.000000,-0.998432
-0.051285,0.000000,-0.998684
-0.155611,0.000000,-0.987818
-0.263460,0.000000,-0.964670
-0.362894,0.000000,-0.931830
-0.461489,0.000000,-0.887146
-0.558732,0.000000,-0.829348
-0.642822,0.000000,-0.766016
-0.724052,0.000000,-0.689745
-0.795947,0.000000,-0.605367
-0.855514,0.000000,-0.517779
-0.912323,0.000000,-0.409472
-0.953459,0.000000,-0.301522
-0.982926,0.000000,-0.184003
-0.996787,0.000000,-0.080096
-0.999501,0.000000,0.031601
-0.990482,0.000000,0.137646
-0.968569,0.000000,0.248747
-0.936687,0.000000,0.350169
-0.890320,0.000000,0.455334
-0.836261,0.000000,0.548332
-0.770878,0.000000,0.636983
-0.696850,0.000000,0.717217
-0.614906,0.000000,0.788600
-0.522073,0.000000,0.852901
-0.427354,0.000000,0.904085
-0.321505,0.000000,0.946908
-0.213164,0.000000,0.977017
-0.104214,0.000000,0.994555
0.002633,0.000000,0.999997
0.110367,0.000000,0.993891
0.235185,0.000000,0.971951
0.341461,0.000000,0.939896
0.449005,0.000000,0.893529
0.544000,0.000000,0.839085
0.643247,0.000000,0.765659
0.720396,0.000000,0.693563
0.789438,0.000000,0.613831
0.852433,0.000000,0.522837
0.906191,0.000000,0.422868
0.945781,0.000000,0.324806
0.904223,0.000000,0.427061
0.850138,0.000000,0.526560
0.777341,0.000000,0.629079
0.705286,0.000000,0.708923
0.624546,0.000000,0.780988
0.538858,0.000000,0.842397
0.439745,0.000000,0.898123
0.340695,0.000000,0.940174
0.237051,0.000000,0.971497
0.129865,0.000000,0.991532
0.014543,0.000000,0.999894
-0.097924,0.000000,0.995194
-0.209680,0.000000,0.977770
-0.313116,0.000000,0.949715
-0.419807,0.000000,0.907613
-0.514281,0.000000,0.857622
-0.602653,0.000000,0.798004
-0.688989,0.000000,0.724771
-0.764785,0.000000,0.644285
-0.836213,0.000000,0.548405
-0.889714,0.000000,0.456517
-0.933682,0.000000,0.358104
-0.966822,0.000000,0.255453
-0.988794,0.000000,0.149288
-0.999533,0.000000,0.030568
-0.997112,0.000000,-0.075950
-0.983195,0.000000,-0.182560
-0.958555,0.000000,-0.284906
-0.921095,0.000000,-0.389337
-0.873653,0.000000,-0.486550
-0.815729,0.000000,-0.578435
-0.748195,0.000000,-0.663478
-0.668702,0.000000,-0.743530
-0.583574,0.000000,-0.812060
-0.493371,0.000000,-0.869819
-0.585421,0.000000,-0.810729
-0.669319,0.000000,-0.742975
-0.745757,0.000000,-0.666218
-0.813650,0.000000,-0.581355
-0.872243,0.000000,-0.489073
-0.920704,0.000000,-0.390262
-0.957567,0.000000,-0.288209
-0.983042,0.000000,-0.183382
-0.997153,0.000000,-0.075405
-0.999438,0.000000,0.033513
-0.989820,0.000000,0.142327
-0.968859,0.000000,0.247614
-0.937316,0.000000,0.348481
-0.895731,0.000000,0.444596
-0.841459,0.000000,0.540321
-0.779935,0.000000,0.625860
-0.846579,0.000000,0.532263
-0.897650,0.000000,0.440709
-0.941710,0.000000,0.336426
-0.972557,0.000000,0.232666
-0.992099,0.000000,0.125454
-0.999812,0.000000,0.019375
-0.999056,0.000000,-0.043438
-0.995763,0.000000,0.091952
-0.980143,0.000000,0.198290
-0.952677,0.000000,0.303984
-0.912963,0.000000,0.408042
-0.863775,0.000000,0.503877
-0.805421,0.000000,0.592704
-0.735970,0.000000,0.677015
-0.659850,0.000000,0.751397
-0.567755,0.000000,0.823198
-0.472324,0.000000,0.881425
-0.370738,0.000000,0.928737
-0.271360,0.000000,0.962478
-0.165098,0.000000,0.986277
-0.056972,0.000000,0.998376
0.049890,0.000000,0.998755
0.164694,0.000000,0.986345
0.276993,0.000000,0.960872
0.376024,0.000000,0.926610
0.275769,0.000000,0.961224
0.167881,0.000000,0.985807
0.273184,0.000000,0.961962
0.382403,0.000000,0.923996
0.484535,0.000000,0.874772
0.580903,0.000000,0.813973
0.669275,0.000000,0.743015
0.748689,0.000000,0.662921
0.819829,0.000000,0.572609
0.876299,0.000000,0.481767
0.925728,0.000000,0.378189
0.961468,0.000000,0.274916
0.985390,0.000000,0.170314
0.997798,0.000000,0.066322
0.999043,0.000000,-0.043745
0.988785,0.000000,-0.149344
0.967547,0.000000,-0.252692
0.930541,0.000000,-0.366188
0.880712,0.000000,-0.473653
0.826317,0.000000,-0.563206
0.751136,0.000000,-0.660148
0.668212,0.000000,-0.743971
0.574656,0.000000,-0.818395
0.479091,0.000000,-0.877765
0.373133,0.000000,-0.927778
0.273793,0.000000,-0.961789
0.170775,0.000000,-0.985310
0.066216,0.000000,-0.997805
0.172069,0.000000,-0.985085
0.283095,0.000000,-0.959092
0.386988,0.000000,-0.922085
0.490086,0.000000,-0.871674
0.583041,0.000000,-0.812442
0.666399,0.000000,-0.745596
0.743988,0.000000,-0.668193
0.812439,0.000000,-0.583047
0.872605,0.000000,-0.488427
0.920747,0.000000,-0.390160
0.962227,0.000000,-0.272248
0.986225,0.000000,-0.165407
0.998144,0.000000,-0.060896
0.998996,0.000000,0.044804
0.997602,0.000000,-0.069219
0.984788,0.000000,-0.173759
0.958700,0.000000,-0.284419
0.921570,0.000000,-0.388213
0.873150,0.000000,-0.487452
0.816879,0.000000,-0.576809
0.751582,0.000000,-0.659640
0.668223,0.000000,-0.743961
0.584599,0.000000,-0.811322
0.483689,0.000000,-0.875240
0.385369,0.000000,-0.922763
0.282737,0.000000,-0.959197
0.163277,0.000000,-0.986580
0.050463,0.000000,-0.998726
-0.058466,0.000000,-0.998289
-0.173031,0.000000,-0.984916
-0.280254,0.000000,-0.959926
-0.393189,0.000000,-0.919458
-0.492876,0.000000,-0.870100
-0.584382,0.000000,-0.811479
-0.492277,0.000000,-0.870438
-0.397432,0.000000,-0.917632
-0.493232,0.000000,-0.869898
-0.582368,0.000000,-0.812925
-0.668621,0.000000,-0.743603
-0.745643,0.000000,-0.666345
-0.811392,0.000000,-0.584503
-0.868581,0.000000,-0.495547
-0.918006,0.000000,-0.396567
-0.955196,0.000000,-0.295973
-0.981231,0.000000,-0.192836
-0.996946,0.000000,-0.078099
-0.999548,0.000000,0.030070
-0.990313,0.000000,0.138854
-0.968874,0.000000,0.247556
-0.934195,0.000000,0.356762
-0.886588,0.000000,0.462560
-0.833203,0.000000,0.552966
-0.768673,0.000000,0.639642
-0.696989,0.000000,0.717082
-0.617881,0.000000,0.786272
-0.521443,0.000000,0.853286
-0.421820,0.000000,0.906679
-0.321326,0.000000,0.946969
-0.219619,0.000000,0.975586
-0.114842,0.000000,0.993384
-0.002039,0.000000,0.999998
0.104802,0.000000,0.994493
0.210896,0.000000,0.977508
0.317400,0.000000,0.948292
0.424001,0.000000,0.905662
0.520966,0.000000,0.853577
0.609106,0.000000,0.793088
0.689545,0.000000,0.724243
0.766469,0.000000,0.642281
0.835412,0.000000,0.549624
0.889713,0.000000,0.456521
0.937161,0.000000,0.348897
0.968791,0.000000,0.247880
0.989614,0.000000,0.143751
0.967254,0.000000,0.253809
0.931938,0.000000,0.362617
0.881291,0.000000,0.472574
0.826192,0.000000,0.563388
0.762328,0.000000,0.647191
0.678743,0.000000,0.734376
0.597877,0.000000,0.801588
0.509998,0.000000,0.860175
0.407084,0.000000,0.913391
0.303733,0.000000,0.952757
0.193155,0.000000,0.981168
0.083006,0.000000,0.996549
-0.030441,0.000000,0.999537
-0.141926,0.000000,0.989877
-0.248104,0.000000,0.968733
-0.360437,0.000000,0.932784
-0.458646,0.000000,0.888619
-0.549739,0.000000,0.835336
-0.647629,0.000000,0.761956
-0.728462,0.000000,0.685086
-0.797527,0.000000,0.603283
-0.863409,0.000000,0.504505
-0.911672,0.000000,0.410919
-0.953839,0.000000,0.300318
-0.980882,0.000000,0.194603
-0.996753,0.000000,0.080519
-0.999680,0.000000,-0.025281
-0.995837,0.000000,0.091148
-0.980469,0.000000,0.196676
-0.952951,0.000000,0.303123
-0.915846,0.000000,0.401530
-0.866008,0.000000,0.500029
-0.806966,0.000000,0.590599
-0.868771,0.000000,0.495215
-0.917715,0.000000,0.397239
-0.955429,0.000000,0.295222
-0.981543,0.000000,0.191244
-0.996416,0.000000,0.084591
-0.999706,0.000000,-0.024240
-0.991669,0.000000,-0.128812
-0.995749,0.000000,0.092110
-0.979804,0.000000,0.199958
-0.953499,0.000000,0.301397
-0.915728,0.000000,0.401799
-0.862343,0.000000,0.506325
-0.803365,0.000000,0.595487
-0.736332,0.000000,0.676621
-0.660429,0.000000,0.750888
-0.573866,0.000000,0.818949
-0.483069,0.000000,0.875582
-0.383443,0.000000,0.923565
-0.282596,0.000000,0.959239
-0.175401,0.000000,0.984497
-0.065238,0.000000,0.997870
0.042377,0.000000,0.999102
0.153993,0.000000,0.988072
0.263022,0.000000,0.964790
0.373861,0.000000,0.927485
0.472839,0.000000,0.881149
0.575484,0.000000,0.817813
0.659006,0.000000,0.752138
0.573239,0.000000,0.819389
0.482057,0.000000,0.876140
0.384293,0.000000,0.923211
0.285038,0.000000,0.958516
0.170067,0.000000,0.985433
0.065169,0.000000,0.997874
0.171879,0.000000,0.985118
0.274733,0.000000,0.961520
0.387281,0.000000,0.921962
0.488973,0.000000,0.872299
0.592214,0.000000,0.805781
0.679785,0.000000,0.733411
0.754790,0.000000,0.655967
0.820441,0.000000,0.571732
0.879361,0.000000,0.476155
0.926502,0.000000,0.376291
0.961077,0.000000,0.276281
0.985145,0.000000,0.171725
0.998314,0.000000,0.058037
0.998883,0.000000,-0.047261
0.988182,0.000000,-0.153285
0.966737,0.000000,-0.255772
0.932932,0.000000,-0.360053
0.888715,0.000000,-0.458459
0.834644,0.000000,-0.550790
0.765085,0.000000,-0.643929
0.687014,0.000000,-0.726644
0.606267,0.000000,-0.795261
0.508640,0.000000,-0.860979
0.406421,0.000000,-0.913686
0.307475,0.000000,-0.951556
0.414822,0.000000,-0.909903
0.516951,0.000000,-0.856015
0.605826,0.000000,-0.795597
0.686033,0.000000,-0.727571
0.765090,0.000000,-0.643923
0.828940,0.000000,-0.559337
0.888172,0.000000,-0.459511
0.934209,0.000000,-0.356726
0.968354,0.000000,-0.249581
0.989381,0.000000,-0.145348
0.968189,0.000000,-0.250221
0.934303,0.000000,-0.356479
0.891776,0.000000,-0.452478
0.832678,0.000000,-0.553757
0.767279,0.000000,-0.641313
0.692981,0.000000,-0.720956
0.610923,0.000000,-0.791690
0.519250,0.000000,-0.854622
0.413475,0.000000,-0.910515
0.307912,0.000000,-0.951415
0.204424,0.000000,-0.978882
0.100900,0.000000,-0.994897
-0.006205,0.000000,-0.999981
-0.117166,0.000000,-0.993112
-0.221507,0.000000,-0.975159
-0.329124,0.000000,-0.944287
-0.428073,0.000000,-0.903744
-0.522945,0.000000,-0.852366
-0.612790,0.000000,-0.790246
-0.701631,0.000000,-0.712540
-0.773994,0.000000,-0.633193
-0.838848,0.000000,-0.544365
-0.891554,0.000000,-0.452915
-0.935404,0.000000,-0.353580
-0.968217,0.000000,-0.250112
-0.989525,0.000000,-0.144364
-0.999686,0.000000,-0.025077
-0.996633,0.000000,0.081994
-0.982303,0.000000,0.187300
-0.955870,0.000000,0.293791
-0.919672,0.000000,0.392687
-0.872774,0.000000,0.488125
-0.813790,0.000000,0.581159
-0.737432,0.000000,0.675421
-0.654071,0.000000,0.756433
-0.568341,0.000000,0.822793
-0.477427,0.000000,0.878671
-0.382628,0.000000,0.923902
-0.278779,0.000000,0.960355
-0.171087,0.000000,0.985256
-0.062395,0.000000,0.998052
0.046812,0.000000,0.998904
0.153952,0.000000,0.988078
0.271824,0.000000,0.962347
0.371553,0.000000,0.928412
0.475405,0.000000,0.879767
0.565492,0.000000,0.824753
0.650953,0.000000,0.759118
0.728424,0.000000,0.685127
0.797550,0.000000,0.603253
0.867649,0.000000,0.497178
0.915942,0.000000,0.401311
0.953684,0.000000,0.300810
0.916405,0.000000,0.400253
0.867735,0.000000,0.497027
0.804476,0.000000,0.593986
0.725612,0.000000,0.688105
0.642742,0.000000,0.766083
0.555410,0.000000,0.831577
0.452862,0.000000,0.891581
0.355146,0.000000,0.934811
0.240463,0.000000,0.970658
0.125538,0.000000,0.992089
0.020097,0.000000,0.999798
-0.089611,0.000000,0.995977
-0.194203,0.000000,0.980961
-0.296392,0.000000,0.955066
-0.395048,0.000000,0.918660
-0.495956,0.000000,0.868347
-0.589453,0.000000,0.807803
-0.682551,0.000000,0.730838
-0.761933,0.000000,0.647655
-0.827555,0.000000,0.561384
-0.886171,0.000000,0.463359
-0.932450,0.000000,0.361300
-0.965952,0.000000,0.258722
-0.988605,0.000000,0.150531
-0.999248,0.000000,0.038768
-0.997691,0.000000,-0.067919
-0.999281,0.000000,0.037909
-0.997760,0.000000,-0.066902
-0.995370,0.000000,-0.096114
-0.996408,0.000000,0.084678
-0.981627,0.000000,0.190810
-0.956128,0.000000,0.292950
-0.918842,0.000000,0.394625
-0.867322,0.000000,0.497748
-0.808991,0.000000,0.587821
-0.741162,0.000000,0.671326
-0.664948,0.000000,0.746890
-0.583112,0.000000,0.812392
-0.488425,0.000000,0.872606
-0.383348,0.000000,0.923604
-0.272568,0.000000,0.962137
-0.169912,0.000000,0.985459
-0.065921,0.000000,0.997825
0.047425,0.000000,0.998875
0.161822,0.000000,0.986820
0.269937,0.000000,0.962878
0.369219,0.000000,0.929342
0.468064,0.000000,0.883694
0.562041,0.000000,0.827109
0.645820,0.000000,0.763490
0.723656,0.000000,0.690161
0.644073,0.000000,0.764964
0.553696,0.000000,0.832719
0.456281,0.000000,0.889836
0.355378,0.000000,0.934723
0.454919,0.000000,0.890533
0.549126,0.000000,0.835739
0.635590,0.000000,0.772027
0.714046,0.000000,0.700099
0.784279,0.000000,0.620408
0.845380,0.000000,0.534166
0.901714,0.000000,0.432334
0.943570,0.000000,0.331173
0.974135,0.000000,0.225968
0.994135,0.000000,0.108147
0.999983,0.000000,-0.005829
0.993732,0.000000,-0.111789
0.976374,0.000000,-0.216086
0.946166,0.000000,-0.323682
0.901156,0.000000,-0.433496
0.845939,0.000000,-0.533280
0.783809,0.000000,-0.621001
0.712222,0.000000,-0.701955
0.628879,0.000000,-0.777503
0.543724,0.000000,-0.839264
0.440952,0.000000,-0.897531
0.338053,0.000000,-0.941127
0.235296,0.000000,-0.971924
0.341839,0.000000,-0.939758
0.445385,0.000000,-0.895339
0.536553,0.000000,-0.843867
0.625014,0.000000,-0.780614
0.710227,0.000000,-0.703973
0.792869,0.000000,-0.609393
0.853999,0.000000,-0.520274
0.904329,0.000000,-0.426836
0.946023,0.000000,-0.324101
0.974823,0.000000,-0.222982
0.993702,0.000000,-0.112051
0.976233,0.000000,-0.216724
0.945867,0.000000,-0.324554
0.904576,0.000000,-0.426312
0.852709,0.000000,-0.522386
0.788007,0.000000,-0.615667
0.716185,0.000000,-0.697911
0.637711,0.000000,-0.770276
0.548152,0.000000,-0.836379
0.456816,0.000000,-0.889561
0.360886,0.000000,-0.932610
0.257858,0.000000,-0.966183
0.150236,0.000000,-0.988650
0.043270,0.000000,-0.999063
-0.064912,0.000000,-0.997891
-0.173859,0.000000,-0.984770
-0.284160,0.000000,-0.958777
-0.395006,0.000000,-0.918678
-0.492981,0.000000,-0.870040
-0.582971,0.000000,-0.812493
-0.672437,0.000000,-0.740155
-0.752035,0.000000,-0.659123
-0.825920,0.000000,-0.563788
-0.885733,0.000000,-0.464195
-0.929779,0.000000,-0.368119
-0.963202,0.000000,-0.268778
-0.929292,0.000000,-0.369345
-0.881340,0.000000,-0.472483
-0.822169,0.000000,-0.569243
-0.756744,0.000000,-0.653711
-0.679065,0.000000,-0.734078
-0.598102,0.000000,-0.801420
-0.503811,0.000000,-0.863814
-0.408550,0.000000,-0.912736
-0.307653,0.000000,-0.951499
-0.408485,0.000000,-0.912765
-0.510709,0.000000,-0.859754
-0.605511,0.000000,-0.795837
-0.689530,0.000000,-0.724257
-0.769535,0.000000,-0.638604
-0.833764,0.000000,-0.552121
-0.894238,0.000000,-0.447592
-0.941335,0.000000,-0.337472
-0.974610,0.000000,-0.223908
-0.992704,0.000000,-0.120577
-0.999972,0.000000,-0.007436
-0.995055,0.000000,0.099329
-0.979056,0.000000,0.203591
-0.951242,0.000000,0.308447
-0.911767,0.000000,0.410707
-0.862194,0.000000,0.506579
-0.803603,0.000000,0.595166
-0.735979,0.000000,0.677005
-0.996378,0.000000,0.085031
-0.981430,0.000000,0.191821
-0.952156,0.000000,0.305613
-0.911900,0.000000,0.410413
-0.862880,0.000000,0.505409
-0.804378,0.000000,0.594118
-0.735837,0.000000,0.677158
-0.657654,0.000000,0.753320
-0.571631,0.000000,0.820511
-0.480141,0.000000,0.877191
-0.378786,0.000000,0.925484
-0.278329,0.000000,0.960486
-0.175770,0.000000,0.984431
-0.066229,0.000000,0.997804
0.042025,0.000000,0.999117
0.151755,0.000000,0.988418
0.256034,0.000000,0.966668
0.360198,0.000000,0.932876
0.457558,0.000000,0.889180
0.548453,0.000000,0.836181
0.449448,0.000000,0.893306
0.349739,0.000000,0.936847
0.448560,0.000000,0.893753
0.548336,0.000000,0.836258
0.635227,0.000000,0.772326
0.714552,0.000000,0.699582
0.786539,0.000000,0.617541
0.849295,0.000000,0.527918
0.900765,0.000000,0.434307
0.942557,0.000000,0.334047
0.973199,0.000000,0.229964
0.992104,0.000000,0.125415
0.999795,0.000000,0.020247
0.996078,0.000000,-0.088474
0.980716,0.000000,-0.195439
0.949259,0.000000,-0.314496
0.910280,0.000000,-0.413992
0.860600,0.000000,-0.509282
0.793033,0.000000,-0.609178
0.722645,0.000000,-0.691220
0.643292,0.000000,-0.765621
0.549321,0.000000,-0.835611
0.457047,0.000000,-0.889443
0.556822,0.000000,-0.830632
0.644170,0.000000,-0.764882
0.722275,0.000000,-0.691606
0.799201,0.000000,-0.601064
0.862476,0.000000,-0.506099
0.910684,0.000000,-0.413103
0.950367,0.000000,-0.311131
0.977982,0.000000,-0.208687
0.947882,0.000000,-0.318621
0.908701,0.000000,-0.417449
0.856480,0.000000,-0.516181
0.795831,0.000000,-0.605519
0.719478,0.000000,-0.694515
0.623386,0.000000,-0.781914
0.535005,0.000000,-0.844849
0.423687,0.000000,-0.905809
0.313408,0.000000,-0.949619
0.209041,0.000000,-0.977907
0.101949,0.000000,-0.994790
-0.008262,0.000000,-0.999966
-0.120916,0.000000,-0.992663
-0.226369,0.000000,-0.974041
-0.333885,0.000000,-0.942614
-0.430654,0.000000,-0.902517
-0.527326,0.000000,-0.849663
-0.613696,0.000000,-0.789542
-0.996439,0.000000,0.084316
-0.981721,0.000000,0.190324
-0.955743,0.000000,0.294204
-0.919218,0.000000,0.393748
-0.872702,0.000000,0.488254
-0.808380,0.000000,0.588661
-0.738151,0.000000,0.674635
-0.656190,0.000000,0.754596
-0.572333,0.000000,0.820021
-0.482107,0.000000,0.876112
-0.382258,0.000000,0.924056
-0.278461,0.000000,0.960448
-0.171292,0.000000,0.985220
-0.061307,0.000000,0.998119
0.048320,0.000000,0.998832
0.152844,0.000000,0.988250
0.258558,0.000000,0.965996
0.361157,0.000000,0.932505
0.458902,0.000000,0.888487
0.556433,0.000000,0.830893
0.464815,0.000000,0.885408
0.557702,0.000000,0.830041
0.646081,0.000000,0.763269
0.722339,0.000000,0.691539
0.800308,0.000000,0.599589
0.859737,0.000000,0.510738
0.910457,0.000000,0.413603
0.948979,0.000000,0.315341
0.978009,0.000000,0.208563
0.995071,0.000000,0.099165
0.999972,0.000000,-0.007530
0.993240,0.000000,-0.116077
0.974355,0.000000,-0.225016
0.945116,0.000000,-0.326735
0.904383,0.000000,-0.426721
0.850188,0.000000,-0.526479
0.789430,0.000000,-0.613841
0.718718,0.000000,-0.695302
0.635917,0.000000,-0.771758
0.537093,0.000000,-0.843523
0.426432,0.000000,-0.904519
0.318827,0.000000,-0.947813
0.215323,0.000000,-0.976543
0.332854,0.000000,-0.942978
0.430865,0.000000,-0.902417
0.529227,0.000000,-0.848481
0.618077,0.000000,-0.786118
0.697426,0.000000,-0.716657
0.768678,0.000000,-0.639636
0.837122,0.000000,-0.547016
0.890381,0.000000,-0.455215
0.933323,0.000000,-0.359037
0.967426,0.000000,-0.253156
0.988876,0.000000,-0.148741
0.966534,0.000000,-0.256538
0.931038,0.000000,-0.364922
0.887659,0.000000,-0.460502
0.829282,0.000000,-0.558831
0.766113,0.000000,-0.642706
0.687917,0.000000,-0.725789
0.607635,0.000000,-0.794216
0.519295,0.000000,-0.854595
0.426215,0.000000,-0.904622
0.321017,0.000000,-0.947074
0.216772,0.000000,-0.976222
0.103037,0.000000,-0.994677
-0.004857,0.000000,-0.999988
-0.114855,0.000000,-0.993382
-0.234295,0.000000,-0.972166
-0.335787,0.000000,-0.941938
-0.451240,0.000000,-0.892403
-0.543753,0.000000,-0.839245
-0.629353,0.000000,-0.777120
-0.540158,0.000000,-0.841564
-0.430798,0.000000,-0.902448
-0.323024,0.000000,-0.946391
-0.423475,0.000000,-0.905908
-0.517946,0.000000,-0.855413
-0.604664,0.000000,-0.796480
-0.687394,0.000000,-0.726285
-0.763582,0.000000,-0.645711
-0.831454,0.000000,-0.555593
-0.889569,0.000000,-0.456801
-0.935728,0.000000,-0.352721
-0.967479,0.000000,-0.252952
-0.988782,0.000000,-0.149365
-0.999010,0.000000,-0.044492
-0.997045,0.000000,0.076814
-0.983274,0.000000,0.182135
-0.957742,0.000000,0.287630
-0.917799,0.000000,0.397046
-0.868736,0.000000,0.495276
-0.798777,0.000000,0.601627
-0.725619,0.000000,0.688097
-0.645750,0.000000,0.763549
-0.554436,0.000000,0.832226
-0.456385,0.000000,0.889782
-0.355947,0.000000,0.934506
-0.251013,0.000000,0.967984
-0.140772,0.000000,0.990042
-0.033719,0.000000,0.999431
0.082357,0.000000,0.996603
0.197727,0.000000,0.980257
0.304714,0.000000,0.952444
0.414789,0.000000,0.909918
0.514024,0.000000,0.857776
0.605541,0.000000,0.795814
0.687532,0.000000,0.726154
0.773140,0.000000,0.634236
0.840533,0.000000,0.541760
0.899332,0.000000,0.437267
0.940491,0.000000,0.339818
0.896048,0.000000,0.443957
0.843466,0.000000,0.537182
0.778165,0.000000,0.628060
0.706650,0.000000,0.707564
0.619144,0.000000,0.785278
0.530186,0.000000,0.847882
0.432807,0.000000,0.901487
0.325548,0.000000,0.945526
0.216609,0.000000,0.976258
0.107007,0.000000,0.994258
0.000743,0.000000,1.000000
-0.112994,0.000000,0.993596
-0.227713,0.000000,0.973728
-0.328965,0.000000,0.944342
-0.433259,0.000000,0.901269
-0.533556,0.000000,0.845764
-0.621553,0.000000,0.783372
-0.704683,0.000000,0.709522
-0.776343,0.000000,0.630310
-0.847934,0.000000,0.530101
-0.898941,0.000000,0.438070
-0.945221,0.000000,0.326431
-0.976997,0.000000,0.213255
-0.994070,0.000000,0.108739
-0.999999,0.000000,-0.001502
-0.994245,0.000000,-0.107130
-0.999964,0.000000,-0.008484
-0.996563,0.000000,0.082842
-0.982264,0.000000,0.187501
-0.954708,0.000000,0.297545
-0.917418,0.000000,0.397924
-0.869828,0.000000,0.493355
-0.810313,0.000000,0.585998
-0.740397,0.000000,0.672170
-0.662434,0.000000,0.749120
-0.575676,0.000000,0.817678
-0.482533,0.000000,0.875878
-0.387246,0.000000,0.921977
-0.286930,0.000000,0.957952
-0.183922,0.000000,0.982941
-0.078740,0.000000,0.996895
0.032215,0.000000,0.999481
0.145638,0.000000,0.989338
0.252779,0.000000,0.967524
0.356631,0.000000,0.934245
0.463320,0.000000,0.886191
0.367306,0.000000,0.930100
0.262478,0.000000,0.964938
0.370739,0.000000,0.928737
0.466631,0.000000,0.884452
0.557033,0.000000,0.830490
0.640953,0.000000,0.767580
0.718926,0.000000,0.695086
0.800010,0.000000,0.599986
0.858985,0.000000,0.512001
0.909444,0.000000,0.415826
0.951341,0.000000,0.308140
0.980482,0.000000,0.196610
0.996176,0.000000,0.087365
0.999791,0.000000,-0.020420
0.991944,0.000000,-0.126676
0.972796,0.000000,-0.231665
0.943211,0.000000,-0.332194
0.903166,0.000000,-0.429291
0.851138,0.000000,-0.524943
0.787283,0.000000,-0.616591
0.708122,0.000000,-0.706090
0.626403,0.000000,-0.779500
0.539542,0.000000,-0.841959
0.441406,0.000000,-0.897307
0.343177,0.000000,-0.939271
0.446682,0.000000,-0.894693
0.552673,0.000000,-0.833398
0.643324,0.000000,-0.765594
0.721692,0.000000,-0.692215
0.791263,0.000000,-0.611476
0.852191,0.000000,-0.523231
0.907983,0.000000,-0.419008
0.949050,0.000000,-0.315125
0.979627,0.000000,-0.200823
0.995347,0.000000,-0.096359
0.999957,0.000000,0.009248
0.995384,0.000000,-0.095971
0.979763,0.000000,-0.200160
0.952141,0.000000,-0.305659
0.910861,0.000000,-0.412714
0.856001,0.000000,-0.516974
0.788978,0.000000,-0.614422
0.708606,0.000000,-0.705604
0.629990,0.000000,-0.776603
0.544567,0.000000,-0.838717
0.439746,0.000000,-0.898122
0.341123,0.000000,-0.940019
0.239070,0.000000,-0.971002
0.134497,0.000000,-0.990914
0.027148,0.000000,-0.999631
-0.082535,0.000000,-0.996588
-0.996453,0.000000,0.084156
-0.982015,0.000000,0.188804
-0.956041,0.000000,0.293232
-0.918722,0.000000,0.394905
-0.871389,0.000000,0.490593
-0.812384,0.000000,0.583123
-0.745184,0.000000,0.666859
-0.670179,0.000000,0.742200
-0.584129,0.000000,0.811661
-0.492649,0.000000,0.870228
-0.390544,0.000000,0.920584
-0.290836,0.000000,0.956773
-0.182165,0.000000,0.983268
-0.076850,0.000000,0.997043
0.031548,0.000000,0.999502
0.154847,0.000000,0.987939
0.268842,0.000000,0.963184
0.370172,0.000000,0.928963
0.466576,0.000000,0.884481
0.558851,0.000000,0.829268
0.650657,0.000000,0.759372
0.732464,0.000000,0.680806
0.802270,0.000000,0.596961
0.732623,0.000000,0.680635
0.653503,0.000000,0.756924
0.563718,0.000000,0.825967
0.468435,0.000000,0.883498
0.370602,0.000000,0.928792
0.268915,0.000000,0.963164
0.166178,0.000000,0.986096
0.056702,0.000000,0.998391
-0.049810,0.000000,0.998759
0.056919,0.000000,0.998379
0.167901,0.000000,0.985804
0.272152,0.000000,0.962254
0.374074,0.000000,0.927399
0.482017,0.000000,0.876162
0.583092,0.000000,0.812406
0.666461,0.000000,0.745540
0.746807,0.000000,0.665040
0.813784,0.000000,0.581168
0.871799,0.000000,0.489863
0.919535,0.000000,0.393009
0.957742,0.000000,0.287629
0.983402,0.000000,0.181441
0.997249,0.000000,0.074125
0.999476,0.000000,-0.032371
0.990511,0.000000,-0.137431
0.967111,0.000000,-0.254356
0.932468,0.000000,-0.361253
0.886523,0.000000,-0.462684
0.832794,0.000000,-0.553583
0.770273,0.000000,-0.637714
0.695175,0.000000,-0.718840
0.604892,0.000000,-0.796308
0.512110,0.000000,-0.858920
0.400748,0.000000,-0.916188
0.298465,0.000000,-0.954421
0.403786,0.000000,-0.914854
0.507343,0.000000,-0.861744
0.602194,0.000000,-0.798350
0.685422,0.000000,-0.728146
0.768575,0.000000,-0.639759
0.832580,0.000000,-0.553904
0.886483,0.000000,-0.462762
0.934475,0.000000,-0.356030
0.967239,0.000000,-0.253866
0.990316,0.000000,-0.138832
0.999593,0.000000,-0.028537
0.997056,0.000000,0.076675
0.999105,0.000000,-0.042307
0.989075,0.000000,-0.147411
0.967940,0.000000,-0.251182
0.933104,0.000000,-0.359606
0.890051,0.000000,-0.455862
0.832840,0.000000,-0.553514
0.770015,0.000000,-0.638026
0.685389,0.000000,-0.728177
0.604620,0.000000,-0.796514
0.517146,0.000000,-0.855897
0.420460,0.000000,-0.907311
0.321502,0.000000,-0.946909
0.218541,0.000000,-0.975828
0.114529,0.000000,-0.993420
0.007404,0.000000,-0.999973
-0.106643,0.000000,-0.994297
-0.215919,0.000000,-0.976411
-0.322743,0.000000,-0.946487
-0.421935,0.000000,-0.906626
-0.520306,0.000000,-0.853980
-0.607916,0.000000,-0.794002
-0.693848,0.000000,-0.720122
-0.767121,0.000000,-0.641503
-0.833458,0.000000,-0.552582
-0.770284,0.000000,-0.637701
-0.836356,0.000000,-0.548187
-0.893788,0.000000,-0.448490
-0.939291,0.000000,-0.343122
-0.971614,0.000000,-0.236572
-0.992976,0.000000,-0.118320
-0.999999,0.000000,-0.001158
-0.994255,0.000000,0.107035
-0.973555,0.000000,0.228454
-0.944100,0.000000,0.329659
-0.904121,0.000000,0.427276
-0.851938,0.000000,0.523642
-0.791375,0.000000,0.611331
-0.711020,0.000000,0.703172
-0.629532,0.000000,0.776975
-0.539628,0.000000,0.841904
-0.430010,0.000000,0.902824
-0.332873,0.000000,0.942972
-0.229525,0.000000,0.973303
-0.117543,0.000000,0.993068
-0.010834,0.000000,0.999941
0.102162,0.000000,0.994768
0.224349,0.000000,0.974509
0.330689,0.000000,0.943740
0.430186,0.000000,0.902740
0.524657,0.000000,0.851314
0.612811,0.000000,0.790229
0.698401,0.000000,0.715707
0.776425,0.000000,0.630210
0.840411,0.000000,0.541950
0.892583,0.000000,0.450883
0.840099,0.000000,0.542434
0.770130,0.000000,0.637887
0.690308,0.000000,0.723516
0.608610,0.000000,0.793470
0.517824,0.000000,0.855487
0.422605,0.000000,0.906314
0.323785,0.000000,0.946131
0.221388,0.000000,0.975186
0.115112,0.000000,0.993353
0.008871,0.000000,0.999961
-0.101169,0.000000,0.994869
-0.208376,0.000000,0.978049
-0.314708,0.000000,0.949189
-0.418057,0.000000,0.908421
-0.510803,0.000000,0.859698
-0.601381,0.000000,0.798963
-0.685969,0.000000,0.727631
-0.762746,0.000000,0.646698
-0.830174,0.000000,0.557505
-0.886550,0.000000,0.462633
-0.931916,0.000000,0.362674
-0.996483,0.000000,0.083796
-0.980412,0.000000,0.196959
-0.949985,0.000000,0.312296
-0.908799,0.000000,0.417233
-0.858770,0.000000,0.512361
-0.799838,0.000000,0.600215
-0.732615,0.000000,0.680644
-0.656331,0.000000,0.754473
-0.572984,0.000000,0.819567
-0.480722,0.000000,0.876873
-0.382393,0.000000,0.924000
-0.274887,0.000000,0.961476
-0.168933,0.000000,0.985627
-0.058006,0.000000,0.998316
0.055502,0.000000,0.998459
0.163256,0.000000,0.986584
0.266167,0.000000,0.963927
0.377975,0.000000,0.925816
0.475290,0.000000,0.879829
0.566793,0.000000,0.823861
0.477197,0.000000,0.878796
0.377789,0.000000,0.925892
0.274860,0.000000,0.961484
0.164737,0.000000,0.986337
0.054116,0.000000,0.998535
0.159639,0.000000,0.987175
0.272205,0.000000,0.962239
0.380447,0.000000,0.924803
0.492069,0.000000,0.870556
0.586659,0.000000,0.809834
0.674718,0.000000,0.738075
0.751275,0.000000,0.659989
0.818053,0.000000,0.575143
0.874237,0.000000,0.485499
0.924110,0.000000,0.382127
0.959384,0.000000,0.282105
0.984378,0.000000,0.176067
0.998114,0.000000,0.061392
0.998986,0.000000,-0.045016
0.987538,0.000000,-0.157384
0.964146,0.000000,-0.265372
0.930612,0.000000,-0.366008
0.878606,0.000000,-0.477547
0.821642,0.000000,-0.570005
0.753180,0.000000,-0.657814
0.676682,0.000000,-0.736275
0.590865,0.000000,-0.806770
0.501628,0.000000,-0.865084
0.403998,0.000000,-0.914760
0.501864,0.000000,-0.864946
0.590271,0.000000,-0.807205
0.673561,0.000000,-0.739132
0.748008,0.000000,-0.663690
0.817095,0.000000,-0.576503
0.877913,0.000000,-0.478821
0.924642,0.000000,-0.380838
0.961504,0.000000,-0.274791
0.986102,0.000000,-0.166139
0.998163,0.000000,-0.060588
0.998848,0.000000,0.047989
0.998218,0.000000,-0.059674
0.984312,0.000000,-0.176438
0.959117,0.000000,-0.283011
0.916454,0.000000,-0.400141
0.863260,0.000000,-0.504759
0.794421,0.000000,-0.607368
0.717950,0.000000,-0.696095
0.631706,0.000000,-0.775208
0.543346,0.000000,-0.839509
0.451942,0.000000,-0.892048
0.355159,0.000000,-0.934806
0.253223,0.000000,-0.967408
0.147061,0.000000,-0.989128
0.042622,0.000000,-0.999091
-0.067516,0.000000,-0.997718
-0.177132,0.000000,-0.984187
-0.284768,0.000000,-0.958596
-0.402409,0.000000,-0.915460
-0.508460,0.000000,-0.861085
-0.595917,0.000000,-0.803046
-0.495255,0.000000,-0.868748
-0.400881,0.000000,-0.916130
-0.503136,0.000000,-0.864207
-0.594964,0.000000,-0.803752
-0.683732,0.000000,-0.729734
-0.760430,0.000000,-0.649420
-0.828024,0.000000,-0.560693
-0.883177,0.000000,-0.469039
-0.928071,0.000000,-0.372402
-0.962421,0.000000,-0.271563
-0.986030,0.000000,-0.166568
-0.998358,0.000000,-0.057280
-0.998837,0.000000,0.048206
-0.987925,0.000000,0.154931
-0.964250,0.000000,0.264995
-0.928308,0.000000,0.371813
-0.882771,0.000000,0.469804
-0.828122,0.000000,0.560548
-0.763349,0.000000,0.645986
-0.685241,0.000000,0.728316
-0.604874,0.000000,0.796322
-0.513809,0.000000,0.857905
-0.417738,0.000000,0.908567
-0.317269,0.000000,0.948336
-0.205770,0.000000,0.978600
-0.100823,0.000000,0.994904
0.007951,0.000000,0.999968
0.120002,0.000000,0.992774
0.234998,0.000000,0.971996
0.339346,0.000000,0.940662
0.450155,0.000000,0.892950
0.552068,0.000000,0.833799
0.649389,0.000000,0.760456
0.731115,0.000000,0.682254
0.805657,0.000000,0.592382
0.868433,0.000000,0.495806
0.919594,0.000000,0.392871
0.957665,0.000000,0.287886
0.922083,0.000000,0.386992
0.874397,0.000000,0.485211
0.818844,0.000000,0.574017
0.747228,0.000000,0.664568
0.670182,0.000000,0.742197
0.575638,0.000000,0.817705
0.484284,0.000000,0.874911
0.368715,0.000000,0.929543
0.252031,0.000000,0.967719
0.134709,0.000000,0.990885
0.023964,0.000000,0.999713
-0.084817,0.000000,0.996397
-0.192439,0.000000,0.981309
-0.302280,0.000000,0.953219
-0.407062,0.000000,0.913401
-0.502850,0.000000,0.864373
-0.592513,0.000000,0.805561
-0.674680,0.000000,0.738111
-0.753082,0.000000,0.657927
-0.821707,0.000000,0.569910
-0.877662,0.000000,0.479280
-0.928222,0.000000,0.372028
-0.963119,0.000000,0.269076
-0.986569,0.000000,0.163346
-0.998394,0.000000,0.056645
-0.998211,0.000000,-0.059798
-0.985672,0.000000,-0.168675
-0.961602,0.000000,-0.274447
-0.922915,0.000000,-0.385004
-0.875549,0.000000,-0.483129
-0.927689,0.000000,-0.373354
-0.963593,0.000000,-0.267373
-0.986893,0.000000,-0.161374
-0.998489,0.000000,-0.054961
-0.999955,0.000000,-0.009485
-0.996545,0.000000,0.083055
-0.980063,0.000000,0.198687
-0.950375,0.000000,0.311107
-0.910860,0.000000,0.412716
-0.861551,0.000000,0.507671
-0.800499,0.000000,0.599334
-0.730954,0.000000,0.682427
-0.644851,0.000000,0.764309
-0.560342,0.000000,0.828261
-0.459105,0.000000,0.888382
-0.361177,0.000000,0.932497
-0.250048,0.000000,0.968234
-0.140621,0.000000,0.990063
-0.029682,0.000000,0.999559
0.081764,0.000000,0.996652
0.188497,0.000000,0.982074
0.292143,0.000000,0.956375
0.390940,0.000000,0.920416
0.485925,0.000000,0.874000
0.581097,0.000000,0.813834
0.665977,0.000000,0.745972
0.744071,0.000000,0.668101
0.812578,0.000000,0.582852
0.869978,0.000000,0.493091
0.916901,0.000000,0.399115
0.955443,0.000000,0.295175
0.981712,0.000000,0.190370
0.996295,0.000000,0.086000
0.999792,0.000000,-0.020417
0.992044,0.000000,-0.125895
0.972609,0.000000,-0.232447
0.939294,0.000000,-0.343114
0.895905,0.000000,-0.444246
0.844529,0.000000,-0.535510
0.774127,0.000000,-0.633030
0.698584,0.000000,-0.715527
0.615376,0.000000,-0.788234
0.518600,0.000000,-0.855017
0.605296,0.000000,-0.796000
0.693687,0.000000,-0.720277
0.769285,0.000000,-0.638906
0.832486,0.000000,-0.554046
0.886239,0.000000,-0.463229
0.931290,0.000000,-0.364278
0.966685,0.000000,-0.255969
0.990107,0.000000,-0.140311
0.999602,0.000000,-0.028217
0.996901,0.000000,0.078671
0.999551,0.000000,-0.029957
0.990737,0.000000,-0.135794
0.970868,0.000000,-0.239617
0.939654,0.000000,-0.342127
0.892633,0.000000,-0.450785
0.830106,0.000000,-0.557606
0.764324,0.000000,-0.644832
0.689627,0.000000,-0.724165
0.607618,0.000000,-0.794229
0.521010,0.000000,-0.853550
0.427352,0.000000,-0.904085
0.329817,0.000000,-0.944045
0.227436,0.000000,-0.973793
0.111872,0.000000,-0.993723
0.006373,0.000000,-0.999980
-0.099507,0.000000,-0.995037
-0.206151,0.000000,-0.978520
-0.318972,0.000000,-0.947764
-0.418899,0.000000,-0.908033
-0.519050,0.000000,-0.854744
-0.616255,0.000000,-0.787547
-0.697760,0.000000,-0.716332
-0.996274,0.000000,0.086244
-0.978122,0.000000,0.208030
-0.949829,0.000000,0.312771
-0.906972,0.000000,0.421191
-0.857430,0.000000,0.514600
-0.797016,0.000000,0.603958
-0.724584,0.000000,0.689186
-0.638997,0.000000,0.769209
-0.546410,0.000000,0.837517
-0.450810,0.000000,0.892620
-0.351776,0.000000,0.936084
-0.250204,0.000000,0.968193
-0.146522,0.000000,0.989207
-0.036259,0.000000,0.999342
0.085557,0.000000,0.996333
0.195458,0.000000,0.980712
0.298702,0.000000,0.954346
0.397707,0.000000,0.917513
0.493312,0.000000,0.869853
0.586327,0.000000,0.810074
0.679596,0.000000,0.733586
0.754266,0.000000,0.656569
0.672827,0.000000,0.739800
0.581420,0.000000,0.813604
0.487704,0.000000,0.873009
0.387666,0.000000,0.921800
0.273532,0.000000,0.961863
0.165551,0.000000,0.986201
0.280716,0.000000,0.959791
0.380672,0.000000,0.924710
0.480499,0.000000,0.876995
0.573377,0.000000,0.819292
0.662937,0.000000,0.748675
0.738942,0.000000,0.673769
0.806175,0.000000,0.591677
0.866936,0.000000,0.498420
0.916116,0.000000,0.400914
0.953774,0.000000,0.300526
0.980223,0.000000,0.197898
0.996099,0.000000,0.088245
0.999860,0.000000,-0.016735
0.996095,0.000000,0.088287
0.999509,0.000000,-0.031320
0.988870,0.000000,-0.148781
0.965110,0.000000,-0.261846
0.931152,0.000000,-0.364632
0.881481,0.000000,-0.472219
0.821107,0.000000,-0.570774
0.750959,0.000000,-0.660349
0.675256,0.000000,-0.737583
0.590011,0.000000,-0.807395
0.501895,0.000000,-0.864928
0.408083,0.000000,-0.912945
0.310326,0.000000,-0.950630
0.201615,0.000000,-0.979465
0.093988,0.000000,-0.995573
0.210686,0.000000,-0.977554
0.330385,0.000000,-0.943846
0.444551,0.000000,-0.895754
0.540967,0.000000,-0.841044
0.630234,0.000000,-0.776405
0.710769,0.000000,-0.703426
0.789252,0.000000,-0.614069
0.856143,0.000000,-0.516740
0.905724,0.000000,-0.423868
0.946281,0.000000,-0.323344
0.975264,0.000000,-0.221045
0.993660,0.000000,-0.112426
0.974817,0.000000,-0.223007
0.943098,0.000000,-0.332514
0.900211,0.000000,-0.435454
0.846427,0.000000,-0.532505
0.784295,0.000000,-0.620388
0.711755,0.000000,-0.702428
0.632125,0.000000,-0.774866
0.531159,0.000000,-0.847272
0.432748,0.000000,-0.901515
0.333441,0.000000,-0.942771
0.221686,0.000000,-0.975118
0.112012,0.000000,-0.993707
0.006157,0.000000,-0.999981
-0.098960,0.000000,-0.995091
-0.204423,0.000000,-0.978883
-0.306708,0.000000,-0.951804
-0.407265,0.000000,-0.913310
-0.504011,0.000000,-0.863697
-0.595659,0.000000,-0.803237
-0.677452,0.000000,-0.735567
-0.752378,0.000000,-0.658731
-0.817370,0.000000,-0.576114
-0.877643,0.000000,-0.479315
-0.926278,0.000000,-0.376841
-0.961359,0.000000,-0.275297
-0.987237,0.000000,-0.159256
-0.999305,0.000000,-0.037265
-0.996801,0.000000,0.079924
-0.981561,0.000000,0.191149
-0.952229,0.000000,0.305383
-0.911380,0.000000,0.411567
-0.862187,0.000000,0.506589
-0.802380,0.000000,0.596813
-0.733754,0.000000,0.679415
-0.657080,0.000000,0.753820
-0.568173,0.000000,0.822909
-0.475518,0.000000,0.879706
-0.372297,0.000000,0.928114
-0.258866,0.000000,0.965913
-0.153478,0.000000,0.988152
-0.040291,0.000000,0.999188
0.065305,0.000000,0.997865
0.169711,0.000000,0.985494
0.283426,0.000000,0.958994
0.383332,0.000000,0.923610
0.486724,0.000000,0.873556
0.592193,0.000000,0.805796
0.679114,0.000000,0.734032
0.754186,0.000000,0.656661
0.823782,0.000000,0.566906
0.880239,0.000000,0.474531
0.926845,0.000000,0.375445
0.961077,0.000000,0.276280
0.985472,0.000000,0.169839
0.960133,0.000000,0.279544
0.923151,0.000000,0.384438
0.877188,0.000000,0.480147
0.821421,0.000000,0.570322
0.756972,0.000000,0.653447
0.681564,0.000000,0.731759
0.598679,0.000000,0.800989
0.507628,0.000000,0.861577
0.410535,0.000000,0.911845
0.309400,0.000000,0.950932
0.207779,0.000000,0.978176
0.100729,0.000000,0.994914
-0.009626,0.000000,0.999954
-0.116771,0.000000,0.993159
-0.223499,0.000000,0.974704
-0.330278,0.000000,0.943884
-0.432878,0.000000,0.901453
-0.526243,0.000000,0.850334
-0.619280,0.000000,0.785170
-0.700401,0.000000,0.713749
-0.774288,0.000000,0.632833
-0.838828,0.000000,0.544396
-0.893417,0.000000,0.449229
-0.937773,0.000000,0.347248
-0.969189,0.000000,0.246317
-0.990225,0.000000,0.139482
-0.999416,0.000000,0.034175
-0.997502,0.000000,-0.070643
-0.999314,0.000000,0.037047
-0.999533,0.000000,-0.030571
-0.996589,0.000000,0.082525
-0.981092,0.000000,0.193543
-0.951570,0.000000,0.307434
-0.913112,0.000000,0.407709
-0.864984,0.000000,0.501799
-0.799476,0.000000,0.600698
-0.717848,0.000000,0.696200
-0.624764,0.000000,0.780814
-0.537883,0.000000,0.843019
-0.445073,0.000000,0.895494
-0.346073,0.000000,0.938208
-0.237131,0.000000,0.971478
-0.125712,0.000000,0.992067
-0.020903,0.000000,0.999781
0.084625,0.000000,0.996413
0.194825,0.000000,0.980838
0.298265,0.000000,0.954483
0.397530,0.000000,0.917589
0.493863,0.000000,0.869540
0.593178,0.000000,0.805072
0.676467,0.000000,0.736473
0.590265,0.000000,0.807210
0.501247,0.000000,0.865304
0.403339,0.000000,0.915051
0.294665,0.000000,0.955601
0.187923,0.000000,0.982184
0.083590,0.000000,0.996500
-0.027452,0.000000,0.999623
-0.132386,0.000000,0.991198
-0.020007,0.000000,0.999800
0.090527,0.000000,0.995894
0.203561,0.000000,0.979062
0.307673,0.000000,0.951492
0.410886,0.000000,0.911687
0.512848,0.000000,0.858480
0.605717,0.000000,0.795680
0.690022,0.000000,0.723788
0.763408,0.000000,0.645917
0.827282,0.000000,0.561787
0.885264,0.000000,0.465088
0.931286,0.000000,0.364288
0.967061,0.000000,0.254543
0.990453,0.000000,0.137851
0.999532,0.000000,0.030580
0.996581,0.000000,-0.082624
0.981723,0.000000,-0.190316
0.955285,0.000000,-0.295688
0.919082,0.000000,-0.394067
0.869872,0.000000,-0.493277
0.801196,0.000000,-0.598403
0.726782,0.000000,-0.686868
0.648802,0.000000,-0.760957
0.561012,0.000000,-0.827807
0.465544,0.000000,-0.885025
0.362240,0.000000,-0.932085
0.253859,0.000000,-0.967241
0.139120,0.000000,-0.990276
0.258894,0.000000,-0.965906
0.369961,0.000000,-0.929047
0.478211,0.000000,-0.878245
0.573501,0.000000,-0.819205
0.657044,0.000000,-0.753852
0.734280,0.000000,-0.678847
0.804267,0.000000,-0.594268
0.866465,0.000000,-0.499238
0.917729,0.000000,-0.397207
0.956360,0.000000,-0.292190
0.983093,0.000000,-0.183107
0.997150,0.000000,-0.075442
0.981503,0.000000,-0.191448
0.955456,0.000000,-0.295135
0.916900,0.000000,-0.399117
0.869171,0.000000,-0.494511
0.809670,0.000000,-0.586886
0.729659,0.000000,-0.683811
0.637549,0.000000,-0.770410
0.543801,0.000000,-0.839214
0.444453,0.000000,-0.895802
0.332441,0.000000,-0.943124
0.229239,0.000000,-0.973370
0.120173,0.000000,-0.992753
0.006726,0.000000,-0.999977
-0.099775,0.000000,-0.995010
-0.207015,0.000000,-0.978338
-0.315065,0.000000,-0.949070
-0.413568,0.000000,-0.910473
-0.509579,0.000000,-0.860424
-0.606055,0.000000,-0.795423
-0.691882,0.000000,-0.722011
-0.776038,0.000000,-0.630686
-0.843616,0.000000,-0.536947
-0.903009,0.000000,-0.429621
-0.944900,0.000000,-0.327360
-0.975070,0.000000,-0.221900
-0.993648,0.000000,-0.112535
-0.999976,0.000000,-0.006860
-0.994678,0.000000,0.103031
-0.977065,0.000000,0.212940
-0.943997,0.000000,0.329953
-0.902012,0.000000,0.431712
-0.848026,0.000000,0.529955
-0.784663,0.000000,0.619922
-0.714285,0.000000,0.699855
-0.631765,0.000000,0.775160
-0.541890,0.000000,0.840450
-0.450339,0.000000,0.892858
-0.338502,0.000000,0.940966
-0.227326,0.000000,0.973819
-0.118377,0.000000,0.992969
-0.008120,0.000000,0.999967
0.103122,0.000000,0.994669
0.218632,0.000000,0.975807
0.322369,0.000000,0.946614
0.430114,0.000000,0.902774
0.532045,0.000000,0.846716
0.623430,0.000000,0.781879
0.706636,0.000000,0.707577
0.778276,0.000000,0.627922
0.841219,0.000000,0.540695
0.897629,0.000000,0.440751
0.942471,0.000000,0.334289
0.973010,0.000000,0.230763
0.940885,0.000000,0.338725
0.893604,0.000000,0.448856
0.840106,0.000000,0.542422
0.778654,0.000000,0.627453
0.701707,0.000000,0.712466
0.618665,0.000000,0.785655
0.528926,0.000000,0.848668
0.425412,0.000000,0.905000
0.327120,0.000000,0.944983
0.218051,0.000000,0.975937
0.100079,0.000000,0.994979
-0.009266,0.000000,0.999957
-0.116528,0.000000,0.993187
-0.222039,0.000000,0.975038
-0.330078,0.000000,0.943954
-0.433825,0.000000,0.900997
-0.529507,0.000000,0.848305
-0.619027,0.000000,0.785369
-0.699345,0.000000,0.714784
-0.771285,0.000000,0.636490
-0.837406,0.000000,0.546582
-0.890096,0.000000,0.455772
-0.934615,0.000000,0.355660
-0.968033,0.000000,0.250824
-0.990474,0.000000,0.137700
-0.999729,0.000000,0.023267
-0.996300,0.000000,-0.085943
-0.999818,0.000000,0.019070
-0.992206,0.000000,0.124608
-0.995994,0.000000,0.089418
-0.980267,0.000000,0.197677
-0.952950,0.000000,0.303129
-0.912650,0.000000,0.408742
-0.862168,0.000000,0.506623
-0.803587,0.000000,0.595188
-0.724068,0.000000,0.689729
-0.646494,0.000000,0.762919
-0.558088,0.000000,0.829782
-0.456996,0.000000,0.889469
-0.357745,0.000000,0.933819
-0.258158,0.000000,0.966103
-0.154592,0.000000,0.987978
-0.043001,0.000000,0.999075
0.061861,0.000000,0.998085
0.168107,0.000000,0.985769
0.278078,0.000000,0.960559
0.394113,0.000000,0.919062
0.493177,0.000000,0.869929
0.583667,0.000000,0.811993
0.665905,0.000000,0.746037
0.582346,0.000000,0.812941
0.481572,0.000000,0.876406
0.381927,0.000000,0.924193
0.477250,0.000000,0.878768
0.569028,0.000000,0.822318
0.654403,0.000000,0.756146
0.733455,0.000000,0.679738
0.800499,0.000000,0.599334
0.862184,0.000000,0.506596
0.913237,0.000000,0.407430
0.951668,0.000000,0.307128
0.978621,0.000000,0.205671
0.994828,0.000000,0.101575
0.999911,0.000000,-0.013335
0.991935,0.000000,-0.126749
0.972752,0.000000,-0.231846
0.942947,0.000000,-0.332943
0.901580,0.000000,-0.432613
0.850416,0.000000,-0.526111
0.788079,0.000000,-0.615574
0.715581,0.000000,-0.698530
0.637350,0.000000,-0.770574
0.549104,0.000000,-0.835754
0.650032,0.000000,-0.759906
0.735407,0.000000,-0.677626
0.818114,0.000000,-0.575056
0.880555,0.000000,-0.473944
0.927792,0.000000,-0.373099
0.961814,0.000000,-0.273703
0.985605,0.000000,-0.169068
0.958288,0.000000,-0.285805
0.922428,0.000000,-0.386168
0.876027,0.000000,-0.482262
0.815464,0.000000,-0.578808
0.739795,0.000000,-0.672832
0.663989,0.000000,-0.747743
0.569985,0.000000,-0.821655
0.479467,0.000000,-0.877560
0.377812,0.000000,-0.925882
0.277397,0.000000,-0.960755
0.171995,0.000000,-0.985098
0.064066,0.000000,-0.997946
-0.047319,0.000000,-0.998880
-0.156506,0.000000,-0.987677
-0.262537,0.000000,-0.964922
-0.369665,0.000000,-0.929165
-0.466353,0.000000,-0.884599
-0.570182,0.000000,-0.821518
-0.662756,0.000000,-0.748836
-0.756968,0.000000,-0.653452
-0.827074,0.000000,-0.562093
-0.887541,0.000000,-0.460729
-0.934922,0.000000,-0.354855
-0.966964,0.000000,-0.254912
-0.990522,0.000000,-0.137351
-0.999822,0.000000,-0.018849
-0.995975,0.000000,0.089626
-0.979209,0.000000,0.202852
-0.944009,0.000000,0.329921
-0.901481,0.000000,0.432818
-0.839510,0.000000,0.543345
-0.766500,0.000000,0.642244
-0.691363,0.000000,0.722508
-0.607533,0.000000,0.794294
-0.519837,0.000000,0.854266
-0.423776,0.000000,0.905767
-0.325112,0.000000,0.945675
-0.216458,0.000000,0.976292
-0.102952,0.000000,0.994686
0.021669,0.000000,0.999765
0.126286,0.000000,0.991994
0.231484,0.000000,0.972839
0.349546,0.000000,0.936919
0.462745,0.000000,0.886491
0.556323,0.000000,0.830966
0.640574,0.000000,0.767897
0.721022,0.000000,0.692912
0.794163,0.000000,0.607705
0.859028,0.000000,0.511928
0.910941,0.000000,0.412537
0.949893,0.000000,0.312575
0.906817,0.000000,0.421524
0.847813,0.000000,0.530296
0.787690,0.000000,0.616072
0.711189,0.000000,0.703000
0.629628,0.000000,0.776897
0.539261,0.000000,0.842138
0.434948,0.000000,0.900456
0.336600,0.000000,0.941648
0.226097,0.000000,0.974105
0.102615,0.000000,0.994721
-0.020739,0.000000,0.999785
-0.138727,0.000000,0.990331
-0.254492,0.000000,0.967075
-0.364476,0.000000,0.931213
-0.476869,0.000000,0.878974
-0.571353,0.000000,0.820704
-0.658236,0.000000,0.752812
-0.735736,0.000000,0.677269
-0.808828,0.000000,0.588046
-0.870769,0.000000,0.491692
-0.918658,0.000000,0.395055
-0.955087,0.000000,0.296326
-0.982400,0.000000,0.186789
-0.996633,0.000000,0.081995
-0.996957,0.000000,0.077950
-0.996455,0.000000,0.084128
-0.981751,0.000000,0.190170
-0.956288,0.000000,0.292425
-0.916577,0.000000,0.399857
-0.867446,0.000000,0.497530
-0.808594,0.000000,0.588368
-0.739866,0.000000,0.672754
-0.663627,0.000000,0.748064
-0.577229,0.000000,0.816582
-0.481173,0.000000,0.876626
-0.384960,0.000000,0.922933
-0.283534,0.000000,0.958962
-0.173471,0.000000,0.984839
-0.062281,0.000000,0.998059
0.048085,0.000000,0.998843
0.153927,0.000000,0.988082
0.263472,0.000000,0.964667
0.370523,0.000000,0.928823
0.468370,0.000000,0.883532
0.558477,0.000000,0.829520
0.466339,0.000000,0.884606
0.560497,0.000000,0.828157
0.644943,0.000000,0.764231
0.733444,0.000000,0.679750
0.804366,0.000000,0.594135
0.865511,0.000000,0.500890
0.915131,0.000000,0.403156
0.952543,0.000000,0.304404
0.981884,0.000000,0.189484
0.996896,0.000000,0.078726
0.999403,0.000000,-0.034564
0.990114,0.000000,-0.140264
0.966703,0.000000,-0.255899
0.926279,0.000000,-0.376838
0.877032,0.000000,-0.480432
0.819485,0.000000,-0.573100
0.754361,0.000000,-0.656460
0.670393,0.000000,-0.742006
0.577806,0.000000,-0.816174
0.484594,0.000000,-0.874739
0.386157,0.000000,-0.922433
0.483088,0.000000,-0.875572
0.582044,0.000000,-0.813157
0.664801,0.000000,-0.747021
0.740141,0.000000,-0.672452
0.811233,0.000000,-0.584723
0.871024,0.000000,-0.491240
0.924133,0.000000,-0.382071
0.961654,0.000000,-0.274267
0.986140,0.000000,-0.165916
0.998387,0.000000,-0.056778
0.985807,0.000000,-0.167882
0.962756,0.000000,-0.270371
0.926684,0.000000,-0.375841
0.879305,0.000000,-0.476260
0.823227,0.000000,-0.567712
0.754133,0.000000,-0.656722
0.680044,0.000000,-0.733172
0.594517,0.000000,-0.804083
0.499722,0.000000,-0.866186
0.387399,0.000000,-0.921912
0.285822,0.000000,-0.958283
0.183192,0.000000,-0.983077
0.077881,0.000000,-0.996963
-0.040404,0.000000,-0.999183
-0.153853,0.000000,-0.988094
-0.269943,0.000000,-0.962876
-0.374665,0.000000,-0.927160
-0.475032,0.000000,-0.879968
-0.565299,0.000000,-0.824886
-0.656304,0.000000,-0.754496
-0.740213,0.000000,-0.672372
-0.812447,0.000000,-0.583035
-0.877814,0.000000,-0.479001
-0.928753,0.000000,-0.370699
-0.962783,0.000000,-0.270274
-0.986925,0.000000,-0.161181
-0.998860,0.000000,-0.047737
-0.998053,0.000000,0.062368
-0.984205,0.000000,0.177035
-0.952961,0.000000,0.303091
-0.905749,0.000000,0.423814
-0.845564,0.000000,0.533874
-0.781168,0.000000,0.624321
-0.702500,0.000000,0.711684
-0.621969,0.000000,0.783042
-0.517823,0.000000,0.855488
-0.411175,0.000000,0.911557
-0.299901,0.000000,0.953970
-0.188857,0.000000,0.982005
-0.067030,0.000000,0.997751
0.040093,0.000000,0.999196
0.153860,0.000000,0.988093
0.258183,0.000000,0.966096
0.375433,0.000000,0.926850
0.473976,0.000000,0.880538
0.565547,0.000000,0.824716
0.660016,0.000000,0.751252
0.735170,0.000000,0.677883
0.810317,0.000000,0.585991
0.871080,0.000000,0.491141
0.918296,0.000000,0.395895
0.863129,0.000000,0.504983
0.801229,0.000000,0.598358
0.722934,0.000000,0.690917
0.635060,0.000000,0.772463
0.549451,0.000000,0.835526
0.458788,0.000000,0.888546
0.356079,0.000000,0.934456
0.249185,0.000000,0.968456
0.141410,0.000000,0.989951
0.034428,0.000000,0.999407
-0.071058,0.000000,0.997472
-0.184888,0.000000,0.982760
-0.294067,0.000000,0.955785
-0.399312,0.000000,0.916815
-0.504779,0.000000,0.863248
-0.601948,0.000000,0.798535
-0.683459,0.000000,0.729989
-0.761974,0.000000,0.647607
-0.829492,0.000000,0.558518
-0.889747,0.000000,0.456454
-0.934308,0.000000,0.356466
-0.967265,0.000000,0.253768
-0.989876,0.000000,0.141933
-0.999512,0.000000,0.031221
-0.997237,0.000000,-0.074284
-0.996788,0.000000,-0.080091
-0.996541,0.000000,0.083101
-0.982089,0.000000,0.188417
-0.955924,0.000000,0.293613
-0.919660,0.000000,0.392716
-0.872487,0.000000,0.488638
-0.814420,0.000000,0.580276
-0.748514,0.000000,0.663119
-0.667829,0.000000,0.744314
-0.583940,0.000000,0.811797
-0.493134,0.000000,0.869953
-0.399125,0.000000,0.916897
-0.297456,0.000000,0.954736
-0.189298,0.000000,0.981920
-0.080334,0.000000,0.996768
0.026056,0.000000,0.999660
0.138934,0.000000,0.990302
0.247413,0.000000,0.968910
0.348371,0.000000,0.937357
0.447171,0.000000,0.894448
0.350090,0.000000,0.936716
0.249294,0.000000,0.968428
0.350280,0.000000,0.936645
0.456773,0.000000,0.889583
0.553218,0.000000,0.833036
0.640209,0.000000,0.768201
0.717455,0.000000,0.696605
0.789374,0.000000,0.613912
0.856952,0.000000,0.515397
0.907875,0.000000,0.419241
0.947778,0.000000,0.318931
0.977622,0.000000,0.210368
0.947866,0.000000,0.318668
0.904287,0.000000,0.426925
0.948430,0.000000,0.316988
0.979799,0.000000,0.199986
0.995737,0.000000,0.092242
0.999734,0.000000,-0.023056
0.991687,0.000000,-0.128675
0.972266,0.000000,-0.233877
0.939673,0.000000,-0.342075
0.898010,0.000000,-0.439975
0.844259,0.000000,-0.535936
0.782928,0.000000,-0.622112
0.710781,0.000000,-0.703413
0.633128,0.000000,-0.774047
0.540600,0.000000,-0.841280
0.445561,0.000000,-0.895251
0.346136,0.000000,-0.938184
0.445403,0.000000,-0.895330
0.536673,0.000000,-0.843790
0.623034,0.000000,-0.782195
0.708340,0.000000,-0.705871
0.781109,0.000000,-0.624395
0.848353,0.000000,-0.529432
0.900686,0.000000,-0.434471
0.942216,0.000000,-0.335007
0.972972,0.000000,-0.230925
0.991864,0.000000,-0.127305
0.973000,0.000000,-0.230805
0.942268,0.000000,-0.334859
0.898956,0.000000,-0.438038
0.836546,0.000000,-0.547896
0.770318,0.000000,-0.637660
0.696414,0.000000,-0.717640
0.612930,0.000000,-0.790138
0.523103,0.000000,-0.852269
0.431076,0.000000,-0.902316
0.331161,0.000000,-0.943574
0.210826,0.000000,-0.977524
0.097604,0.000000,-0.995225
-0.011226,0.000000,-0.999937
-0.124327,0.000000,-0.992241
-0.229421,0.000000,-0.973327
-0.340191,0.000000,-0.940356
-0.447319,0.000000,-0.894374
-0.548905,0.000000,-0.835885
-0.634440,0.000000,-0.772972
-0.549144,0.000000,-0.835728
-0.456495,0.000000,-0.889726
-0.356846,0.000000,-0.934163
-0.457749,0.000000,-0.889082
-0.568888,0.000000,-0.822415
-0.660053,0.000000,-0.751219
-0.740797,0.000000,-0.671729
-0.807696,0.000000,-0.589600
-0.864997,0.000000,-0.501777
-0.916265,0.000000,-0.400572
-0.956121,0.000000,-0.292973
-0.982239,0.000000,-0.187632
-0.996521,0.000000,-0.083340
-0.999628,0.000000,0.027293
-0.990404,0.000000,0.138203
-0.967739,0.000000,0.251956
-0.934486,0.000000,0.356000
-0.889585,0.000000,0.456769
-0.835695,0.000000,0.549194
-0.766094,0.000000,0.642728
-0.692236,0.000000,0.721671
-0.612690,0.000000,0.790323
-0.526241,0.000000,0.850336
-0.420863,0.000000,0.907124
-0.310366,0.000000,0.950617
-0.185558,0.000000,0.982633
-0.072198,0.000000,0.997390
0.032601,0.000000,0.999468
0.148013,0.000000,0.988985
0.272411,0.000000,0.962181
0.379533,0.000000,0.925178
0.478159,0.000000,0.878273
0.571509,0.000000,0.820596
0.656772,0.000000,0.754089
0.734502,0.000000,0.678606
0.803159,0.000000,0.595765
0.861737,0.000000,0.507355
0.911418,0.000000,0.411482
0.949970,0.000000,0.312342
0.978584,0.000000,0.205846
0.948003,0.000000,0.318261
0.906508,0.000000,0.422188
0.855730,0.000000,0.517423
0.792235,0.000000,0.610216
0.716906,0.000000,0.697170
0.625600,0.000000,0.780144
0.525827,0.000000,0.850591
0.429654,0.000000,0.902993
0.329451,0.000000,0.944172
0.228292,0.000000,0.973593
0.119853,0.000000,0.992792
0.014257,0.000000,0.999898
-0.096418,0.000000,0.995341
-0.204954,0.000000,0.978772
-0.308969,0.000000,0.951072
-0.407590,0.000000,0.913165
-0.501369,0.000000,0.865234
-0.595489,0.000000,0.803364
-0.679703,0.000000,0.733487
-0.756162,0.000000,0.654385
-0.822792,0.000000,0.568343
-0.878746,0.000000,0.477290
-0.924658,0.000000,0.380798
-0.962016,0.000000,0.272993
-0.985595,0.000000,0.169123
-0.998170,0.000000,0.060475
-0.999996,0.000000,-0.002846
-0.995918,0.000000,0.090265
-0.980913,0.000000,0.194448
-0.951627,0.000000,0.307256
-0.913096,0.000000,0.407745
-0.862358,0.000000,0.506298
-0.801792,0.000000,0.597603
-0.732343,0.000000,0.680936
-0.651613,0.000000,0.758551
-0.567963,0.000000,0.823054
-0.478589,0.000000,0.878039
-0.375146,0.000000,0.926966
-0.268737,0.000000,0.963214
-0.157518,0.000000,0.987516
-0.047304,0.000000,0.998881
0.060777,0.000000,0.998151
0.167726,0.000000,0.985834
0.272194,0.000000,0.962242
0.377172,0.000000,0.926143
0.474189,0.000000,0.880423
0.566499,0.000000,0.824063
0.653746,0.000000,0.756714
0.730573,0.000000,0.682834
0.654528,0.000000,0.756038
0.568057,0.000000,0.822989
0.478714,0.000000,0.877971
0.379533,0.000000,0.925178
0.479122,0.000000,0.877748
0.583553,0.000000,0.812075
0.667056,0.000000,0.745007
0.747412,0.000000,0.664360
0.815231,0.000000,0.579136
0.876308,0.000000,0.481752
0.923012,0.000000,0.384772
0.961023,0.000000,0.276468
0.985721,0.000000,0.168389
0.998432,0.000000,0.055987
0.998611,0.000000,-0.052683
0.987392,0.000000,-0.158293
0.998817,0.000000,-0.048638
0.987821,0.000000,-0.155593
0.965958,0.000000,-0.258699
0.930273,0.000000,-0.366868
0.877744,0.000000,-0.479129
0.816017,0.000000,-0.578028
0.747023,0.000000,-0.664798
0.672739,0.000000,-0.739880
0.586705,0.000000,-0.809800
0.498642,0.000000,-0.866808
0.400345,0.000000,-0.916365
0.301004,0.000000,-0.953623
0.194983,0.000000,-0.980807
0.297938,0.000000,-0.954585
0.398775,0.000000,-0.917049
0.504213,0.000000,-0.863579
0.605274,0.000000,-0.796017
0.686391,0.000000,-0.727233
0.759539,0.000000,-0.650462
0.828842,0.000000,-0.559483
0.887785,0.000000,-0.460258
0.933631,0.000000,-0.358237
0.967628,0.000000,-0.252379
0.989133,0.000000,-0.147024
0.999118,0.000000,-0.041985
0.996519,0.000000,0.083370
0.981221,0.000000,0.192887
0.996214,0.000000,0.086939
0.999704,0.000000,-0.024311
0.990903,0.000000,-0.134574
0.970641,0.000000,-0.240532
0.939016,0.000000,-0.343874
0.897384,0.000000,-0.441250
0.845288,0.000000,-0.534310
0.780938,0.000000,-0.624608
0.702590,0.000000,-0.711595
0.617412,0.000000,-0.786640
0.527438,0.000000,-0.849594
0.434392,0.000000,-0.900724
0.333429,0.000000,-0.942775
0.231418,0.000000,-0.972854
0.123714,0.000000,-0.992318
0.016987,0.000000,-0.999856
-0.089574,0.000000,-0.995980
-0.199337,0.000000,-0.979931
-0.309226,0.000000,-0.950988
-0.416060,0.000000,-0.909337
-0.516524,0.000000,-0.856272
-0.611622,0.000000,-0.791150
-0.695315,0.000000,-0.718705
-0.768295,0.000000,-0.640096
-0.831185,0.000000,-0.555996
-0.885928,0.000000,-0.463823
-0.930252,0.000000,-0.366922
-0.878681,0.000000,-0.477410
-0.817851,0.000000,-0.575431
-0.752444,0.000000,-0.658657
-0.677426,0.000000,-0.735591
-0.592296,0.000000,-0.805720
-0.500652,0.000000,-0.865648
-0.406871,0.000000,-0.913485
-0.503906,0.000000,-0.863759
-0.596102,0.000000,-0.802908
-0.679586,0.000000,-0.733596
-0.760447,0.000000,-0.649400
-0.825854,0.000000,-0.563884
-0.881640,0.000000,-0.471924
-0.926916,0.000000,-0.375268
-0.963429,0.000000,-0.267965
-0.987028,0.000000,-0.160545
-0.998832,0.000000,-0.048309
-0.997674,0.000000,0.068169
-0.984734,0.000000,0.174066
-0.960465,0.000000,0.278401
-0.924429,0.000000,0.381354
-0.878880,0.000000,0.477042
-0.819270,0.000000,0.573408
-0.750394,0.000000,0.660990
-0.662934,0.000000,0.748678
-0.578389,0.000000,0.815761
-0.487524,0.000000,0.873109
-0.392616,0.000000,0.919703
-0.290932,0.000000,0.956744
-0.185567,0.000000,0.982632
-0.078783,0.000000,0.996892
0.028926,0.000000,0.999582
0.144257,0.000000,0.989540
0.250064,0.000000,0.968229
0.354004,0.000000,0.935244
0.449955,0.000000,0.893051
0.541306,0.000000,0.840826
0.627866,0.000000,0.778322
0.706180,0.000000,0.708033
0.777870,0.000000,0.628425
0.706102,0.000000,0.708110
0.622889,0.000000,0.782310
0.518389,0.000000,0.855145
0.419813,0.000000,0.907611
0.308529,0.000000,0.951215
0.203837,0.000000,0.979005
0.089821,0.000000,0.995958
-0.026044,0.000000,0.999661
-0.139829,0.000000,0.990176
-0.247558,0.000000,0.968873
-0.352091,0.000000,0.935966
-0.450562,0.000000,0.892745
-0.550952,0.000000,0.834537
-0.635338,0.000000,0.772234
-0.718004,0.000000,0.696039
-0.796509,0.000000,0.604626
-0.858447,0.000000,0.512902
-0.911846,0.000000,0.410531
-0.953164,0.000000,0.302455
-0.979838,0.000000,0.199795
-0.995526,0.000000,0.094490
-0.999885,0.000000,-0.015140
-0.999998,0.000000,-0.001764
-0.996478,0.000000,0.083852
-0.980738,0.000000,0.195327
-0.952048,0.000000,0.305948
-0.907616,0.000000,0.419801
-0.854057,0.000000,0.520180
-0.789873,0.000000,0.613270
-0.719876,0.000000,0.694103
-0.637004,0.000000,0.770860
-0.551211,0.000000,0.834366
-0.457959,0.000000,0.888973
-0.353538,0.000000,0.935420
-0.248855,0.000000,0.968541
-0.145608,0.000000,0.989342
-0.039481,0.000000,0.999220
0.072999,0.000000,0.997332
0.196603,0.000000,0.980483
0.310946,0.000000,0.950427
0.413625,0.000000,0.910447
0.507282,0.000000,0.861780
0.405185,0.000000,0.914235
0.499417,0.000000,0.866361
0.602184,0.000000,0.798357
0.696877,0.000000,0.717191
0.770185,0.000000,0.637821
0.836465,0.000000,0.548020
0.889747,0.000000,0.456454
0.937830,0.000000,0.347094
0.972143,0.000000,0.234388
0.992465,0.000000,0.122527
0.999990,0.000000,0.004483
0.994430,0.000000,-0.105397
1.000000,0.000000,-0.000818
0.994255,0.000000,-0.107039
0.975519,0.000000,-0.219914
0.944196,0.000000,-0.329385
0.902595,0.000000,-0.430492
0.850486,0.000000,-0.525998
0.783511,0.000000,-0.621378
0.709418,0.000000,-0.704788
0.623179,0.000000,-0.782079
0.537400,0.000000,-0.843327
0.624698,0.000000,-0.780866
0.712168,0.000000,-0.702009
0.787301,0.000000,-0.616569
0.851173,0.000000,-0.524885
0.901383,0.000000,-0.433023
0.943596,0.000000,-0.331100
0.973925,0.000000,-0.226869
0.993760,0.000000,-0.111535
0.999961,0.000000,0.008832
0.995117,0.000000,-0.098701
0.979154,0.000000,-0.203121
0.952343,0.000000,-0.305028
0.913441,0.000000,-0.406972
0.865526,0.000000,-0.500864
0.805221,0.000000,-0.592975
0.734125,0.000000,-0.679014
0.651299,0.000000,-0.758821
0.560968,0.000000,-0.827837
0.465233,0.000000,-0.885188
0.368754,0.000000,-0.929527
0.265407,0.000000,-0.964137
0.156202,0.000000,-0.987725
0.042396,0.000000,-0.999101
-0.064230,0.000000,-0.997935
-0.172016,0.000000,-0.985094
-0.280462,0.000000,-0.959865
-0.387237,0.000000,-0.921980
-0.489918,0.000000,-0.871768
-0.578837,0.000000,-0.815443
-0.672224,0.000000,-0.740348
-0.749940,0.000000,-0.661506
-0.816569,0.000000,-0.577248
-0.875891,0.000000,-0.482509
-0.925752,0.000000,-0.378131
-0.967283,0.000000,-0.253699
-0.988627,0.000000,-0.150388
-0.999234,0.000000,-0.039129
-0.997702,0.000000,0.067759
-0.983770,0.000000,0.179435
-0.958659,0.000000,0.284559
-0.915976,0.000000,0.401232
-0.868387,0.000000,0.495887
-0.810715,0.000000,0.585441
-0.743346,0.000000,0.668907
-0.659497,0.000000,0.751708
-0.569789,0.000000,0.821791
-0.477254,0.000000,0.878765
-0.381337,0.000000,0.924436
-0.271389,0.000000,0.962470
-0.162028,0.000000,0.986786
-0.053969,0.000000,0.998543
0.068804,0.000000,0.997630
0.193265,0.000000,0.981147
0.303702,0.000000,0.952767
0.404750,0.000000,0.914427
0.498167,0.000000,0.867081
0.592022,0.000000,0.805922
0.674897,0.000000,0.737912
0.749137,0.000000,0.662415
0.674799,0.000000,0.738001
0.574360,0.000000,0.818603
0.482249,0.000000,0.876034
0.373811,0.000000,0.927505
0.262398,0.000000,0.964960
0.153261,0.000000,0.988186
0.039869,0.000000,0.999205
-0.071152,0.000000,0.997465
-0.178356,0.000000,0.983966
-0.282917,0.000000,0.959145
-0.381958,0.000000,0.924180
-0.483318,0.000000,0.875445
-0.578942,0.000000,0.815369
-0.672327,0.000000,0.740254
-0.748782,0.000000,0.662816
-0.820267,0.000000,0.571981
-0.875705,0.000000,0.482847
-0.924323,0.000000,0.381611
-0.963316,0.000000,0.268368
-0.988316,0.000000,0.152420
-0.999330,0.000000,0.036589
-0.997565,0.000000,-0.069743
-0.984520,0.000000,-0.175272
-0.997470,0.000000,-0.071094
-0.999320,0.000000,0.036882
-0.996611,0.000000,0.082257
-0.996534,0.000000,0.083181
-0.982241,0.000000,0.187626
-0.955301,0.000000,0.295635
-0.916928,0.000000,0.399052
-0.868793,0.000000,0.495175
-0.810943,0.000000,0.585124
-0.744586,0.000000,0.667527
-0.668631,0.000000,0.743594
-0.585138,0.000000,0.810934
-0.489109,0.000000,0.872223
-0.386598,0.000000,0.922248
-0.282132,0.000000,0.959376
-0.179568,0.000000,0.983746
-0.073097,0.000000,0.997325
0.036044,0.000000,0.999350
0.147991,0.000000,0.988989
0.250588,0.000000,0.968094
0.353536,0.000000,0.935421
0.450308,0.000000,0.892873
0.353187,0.000000,0.935553
0.452051,0.000000,0.891992
0.543238,0.000000,0.839579
0.635059,0.000000,0.772464
0.719443,0.000000,0.694551
0.789106,0.000000,0.614257
0.851845,0.000000,0.523794
0.907526,0.000000,0.419996
0.951012,0.000000,0.309155
0.981179,0.000000,0.193099
0.996566,0.000000,0.082806
0.999478,0.000000,-0.032316
0.997181,0.000000,0.075041
0.999025,0.000000,-0.044154
0.987199,0.000000,-0.159493
0.960822,0.000000,-0.277165
0.920026,0.000000,-0.391857
0.872736,0.000000,-0.488193
0.800037,0.000000,-0.599950
0.729894,0.000000,-0.683560
0.651231,0.000000,-0.758880
0.564630,0.000000,-0.825344
0.473458,0.000000,-0.880816
0.378361,0.000000,-0.925658
0.474419,0.000000,-0.880299
0.565851,0.000000,-0.824508
0.655580,0.000000,-0.755126
0.733372,0.000000,-0.679828
0.802301,0.000000,-0.596920
0.862225,0.000000,-0.506526
0.912306,0.000000,-0.409510
0.952470,0.000000,-0.304631
0.979267,0.000000,-0.202572
0.948695,0.000000,-0.316194
0.904814,0.000000,-0.425807
0.853053,0.000000,-0.521825
0.787426,0.000000,-0.616409
0.707810,0.000000,-0.706403
0.624269,0.000000,-0.781209
0.529473,0.000000,-0.848327
0.434881,0.000000,-0.900488
0.334948,0.000000,-0.942237
0.227396,0.000000,-0.973802
0.099184,0.000000,-0.995069
-0.012532,0.000000,-0.999921
-0.122270,0.000000,-0.992497
-0.009394,0.000000,-0.999956
0.105104,0.000000,-0.994461
-0.004021,0.000000,-0.999992
-0.114572,0.000000,-0.993415
-0.219418,0.000000,-0.975631
-0.321213,0.000000,-0.947007
-0.428817,0.000000,-0.903391
-0.524723,0.000000,-0.851273
-0.613521,0.000000,-0.789678
-0.697488,0.000000,-0.716596
-0.778077,0.000000,-0.628169
-0.840447,0.000000,-0.541894
-0.894185,0.000000,-0.447697
-0.940298,0.000000,-0.340353
-0.973541,0.000000,-0.228510
-0.992183,0.000000,-0.124793
-0.999979,0.000000,-0.006407
-0.993329,0.000000,0.115313
-0.974245,0.000000,0.225492
-0.941292,0.000000,0.337594
-0.899167,0.000000,0.437606
-0.845763,0.000000,0.533558
-0.778675,0.000000,0.627427
-0.703769,0.000000,0.710429
-0.623513,0.000000,0.781813
-0.530268,0.000000,0.847830
-0.427188,0.000000,0.904163
-0.327293,0.000000,0.944923
-0.224106,0.000000,0.974565
-0.118881,0.000000,0.992909
-0.001931,0.000000,0.999998
0.108682,0.000000,0.994077
0.213532,0.000000,0.976936
0.322569,0.000000,0.946546
0.427549,0.000000,0.903992
0.527170,0.000000,0.849760
0.632738,0.000000,0.774366
0.713457,0.000000,0.700699
0.783198,0.000000,0.621772
0.847995,0.000000,0.530004
0.903331,0.000000,0.428945
0.943301,0.000000,0.331939
0.974845,0.000000,0.222883
0.945246,0.000000,0.326359
0.905690,0.000000,0.423941
0.850380,0.000000,0.526170
0.790072,0.000000,0.613014
0.712210,0.000000,0.701966
0.619042,0.000000,0.785358
0.527835,0.000000,0.849347
0.430969,0.000000,0.902367
0.328318,0.000000,0.944567
0.225841,0.000000,0.974164
0.111702,0.000000,0.993742
0.006655,0.000000,0.999978
-0.109236,0.000000,0.994016
-0.216428,0.000000,0.976299
-0.333265,0.000000,0.942833
-0.437339,0.000000,0.899297
-0.535872,0.000000,0.844299
-0.628802,0.000000,0.777565
-0.708158,0.000000,0.706054
-0.788195,0.000000,0.615425
-0.853948,0.000000,0.520358
-0.912664,0.000000,0.408711
-0.952606,0.000000,0.304208
-0.981728,0.000000,0.190290
-0.997255,0.000000,0.074041
-0.996579,0.000000,0.082648
-0.981375,0.000000,0.192100
-0.953868,0.000000,0.300225
-0.916983,0.000000,0.398925
-0.865861,0.000000,0.500284
-0.798288,0.000000,0.602276
-0.728046,0.000000,0.685528
-0.649054,0.000000,0.760742
-0.553835,0.000000,0.832627
-0.453893,0.000000,0.891056
-0.352063,0.000000,0.935976
-0.249461,0.000000,0.968385
-0.144955,0.000000,0.989438
-0.025784,0.000000,0.999668
0.083936,0.000000,0.996471
0.202760,0.000000,0.979228
0.305989,0.000000,0.952035
0.409886,0.000000,0.912137
0.507268,0.000000,0.861788
0.601353,0.000000,0.798983
0.688260,0.000000,0.725464
0.600104,0.000000,0.799922
0.502747,0.000000,0.864434
0.405806,0.000000,0.913959
0.301049,0.000000,0.953609
0.408223,0.000000,0.912882
0.502123,0.000000,0.864796
0.595672,0.000000,0.803228
0.677104,0.000000,0.735888
0.751589,0.000000,0.659631
0.816719,0.000000,0.577035
0.873280,0.000000,0.487219
0.920042,0.000000,0.391820
0.956843,0.000000,0.290607
0.982137,0.000000,0.188167
0.996605,0.000000,0.082328
0.999519,0.000000,-0.031027
0.990581,0.000000,-0.136929
0.969580,0.000000,-0.244776
0.937232,0.000000,-0.348707
0.890058,0.000000,-0.455848
0.832834,0.000000,-0.553523
0.768321,0.000000,-0.640064
0.690628,0.000000,-0.723210
0.604166,0.000000,-0.796858
0.516310,0.000000,-0.856402
0.609847,0.000000,-0.792519
0.692668,0.000000,-0.721257
0.765215,0.000000,-0.643775
0.831269,0.000000,-0.555871
0.891588,0.000000,-0.452848
0.937447,0.000000,-0.348128
0.969606,0.000000,-0.244670
0.990025,0.000000,-0.140890
0.999414,0.000000,-0.034239
-0.996276,0.000000,0.086224
-0.981234,0.000000,0.192820
-0.955521,0.000000,0.294922
-0.915987,0.000000,0.401208
-0.863149,0.000000,0.504949
-0.803933,0.000000,0.594720
-0.733859,0.000000,0.679302
-0.653191,0.000000,0.757193
-0.564867,0.000000,0.825182
-0.474100,0.000000,0.880471
-0.369906,0.000000,0.929069
-0.270368,0.000000,0.962757
-0.159278,0.000000,0.987234
-0.052693,0.000000,0.998611
0.064307,0.000000,0.997930
0.168378,0.000000,0.985722
0.276239,0.000000,0.961089
0.382807,0.000000,0.923828
0.484871,0.000000,0.874585
0.383628,0.000000,0.923488
0.284000,0.000000,0.958824
0.174851,0.000000,0.984595
0.069083,0.000000,0.997611
0.182503,0.000000,0.983205
0.293214,0.000000,0.956047
0.400953,0.000000,0.916099
0.498882,0.000000,0.866670
0.588994,0.000000,0.808137
0.673510,0.000000,0.739178
0.747393,0.000000,0.664382
0.817681,0.000000,0.575672
0.876834,0.000000,0.480793
0.927918,0.000000,0.372784
0.964413,0.000000,0.264402
0.987624,0.000000,0.156844
0.998842,0.000000,0.048114
0.998373,0.000000,-0.057020
0.986659,0.000000,-0.162802
0.962090,0.000000,-0.272731
0.927582,0.000000,-0.373621
0.880492,0.000000,-0.474061
0.824567,0.000000,-0.565765
0.758410,0.000000,-0.651778
0.674206,0.000000,-0.738543
0.588264,0.000000,-0.808669
0.494552,0.000000,-0.869148
0.398721,0.000000,-0.917072
0.500592,0.000000,-0.865683
0.598487,0.000000,-0.801133
0.683380,0.000000,-0.730062
0.764561,0.000000,-0.644551
0.829902,0.000000,-0.557910
0.885331,0.000000,-0.464962
0.931294,0.000000,-0.364269
0.965930,0.000000,-0.258802
0.987815,0.000000,-0.155631
0.998681,0.000000,-0.051345
0.986986,0.000000,-0.160807
0.962781,0.000000,-0.270281
0.922595,0.000000,-0.385769
0.876364,0.000000,-0.481649
0.819638,0.000000,-0.572882
0.752501,0.000000,-0.658591
0.673505,0.000000,-0.739183
0.590710,0.000000,-0.806884
0.491499,0.000000,-0.870878
0.397017,0.000000,-0.917811
0.298796,0.000000,-0.954317
0.177712,0.000000,-0.984082
0.072846,0.000000,-0.997343
-0.038892,0.000000,-0.999243
-0.150721,0.000000,-0.988576
-0.263695,0.000000,-0.964606
-0.156462,0.000000,-0.987684
-0.051935,0.000000,-0.998650
-0.162600,0.000000,-0.986692
-0.276288,0.000000,-0.961075
-0.390422,0.000000,-0.920636
-0.488700,0.000000,-0.872452
-0.580618,0.000000,-0.814176
-0.484531,0.000000,-0.874774
-0.589184,0.000000,-0.807999
-0.686824,0.000000,-0.726824
-0.767574,0.000000,-0.640960
-0.833791,0.000000,-0.552080
-0.887102,0.000000,-0.461573
-0.936512,0.000000,-0.350636
-0.968049,0.000000,-0.250762
-0.990532,0.000000,-0.137281
-0.999704,0.000000,-0.024335
-0.995802,0.000000,0.091530
-0.979045,0.000000,0.203643
-0.949511,0.000000,0.313734
-0.909525,0.000000,0.415648
-0.860071,0.000000,0.510175
-0.801806,0.000000,0.597584
-0.732839,0.000000,0.680402
-0.645510,0.000000,0.763752
-0.557946,0.000000,0.829877
-0.466958,0.000000,0.884280
-0.369295,0.000000,0.929312
-0.257971,0.000000,0.966153
-0.139879,0.000000,0.990169
-0.021793,0.000000,0.999762
0.102395,0.000000,0.994744
0.210005,0.000000,0.977700
0.319917,0.000000,0.947445
0.425212,0.000000,0.905094
0.525206,0.000000,0.850975
0.614047,0.000000,0.789269
0.701612,0.000000,0.712559
0.774677,0.000000,0.632357
0.847701,0.000000,0.530474
0.902764,0.000000,0.430137
0.950294,0.000000,0.311353
0.978297,0.000000,0.207205
0.995657,0.000000,0.093094
0.999717,0.000000,-0.023804
0.996046,0.000000,0.088839
0.981012,0.000000,0.193946
0.954497,0.000000,0.298221
0.912626,0.000000,0.408797
0.855995,0.000000,0.516984
0.793598,0.000000,0.608442
0.712354,0.000000,0.701820
0.630749,0.000000,0.775987
0.533374,0.000000,0.845879
0.438889,0.000000,0.898541
0.337347,0.000000,0.941381
0.234888,0.000000,0.972023
0.125791,0.000000,0.992057
0.009509,0.000000,0.999955
-0.104348,0.000000,0.994541
-0.225991,0.000000,0.974129
-0.336088,0.000000,0.941830
-0.443270,0.000000,0.896388
-0.545873,0.000000,0.837868
-0.644671,0.000000,0.764460
-0.730304,0.000000,0.683122
-0.800357,0.000000,0.599524
-0.858836,0.000000,0.512251
-0.909076,0.000000,0.416631
-0.950489,0.000000,0.310758
-0.981978,0.000000,0.188995
-0.996749,0.000000,0.080564
-0.999683,0.000000,-0.025186
-0.996486,0.000000,0.083759
-0.981655,0.000000,0.190666
-0.956256,0.000000,0.292531
-0.916899,0.000000,0.399120
-0.866781,0.000000,0.498688
-0.804494,0.000000,0.593960
-0.730361,0.000000,0.683061
-0.653800,0.000000,0.756668
-0.564525,0.000000,0.825416
-0.473758,0.000000,0.880655
-0.378048,0.000000,0.925786
-0.276843,0.000000,0.960915
-0.167759,0.000000,0.985828
-0.063446,0.000000,0.997985
0.041657,0.000000,0.999132
0.146569,0.000000,0.989201
0.250132,0.000000,0.968212
0.351794,0.000000,0.936077
0.449597,0.000000,0.893231
0.542824,0.000000,0.839847
0.629409,0.000000,0.777074
0.709455,0.000000,0.704751
0.780488,0.000000,0.625170
0.842314,0.000000,0.538987
0.895570,0.000000,0.444921
0.938177,0.000000,0.346157
0.972066,0.000000,0.234707
0.991639,0.000000,0.129044
0.999757,0.000000,0.022061
0.996377,0.000000,-0.085053
0.980965,0.000000,-0.194187
0.952678,0.000000,-0.303982
0.915281,0.000000,-0.402815
0.864745,0.000000,-0.502210
0.805680,0.000000,-0.592351
0.737559,0.000000,-0.675283
0.661512,0.000000,-0.749935
0.578377,0.000000,-0.815769
0.475330,0.000000,-0.879808
0.378907,0.000000,-0.925435
0.271941,0.000000,-0.962314
0.163486,0.000000,-0.986546
0.059075,0.000000,-0.998254
0.172710,0.000000,-0.984973
0.279103,0.000000,-0.960261
0.383641,0.000000,-0.923482
0.480613,0.000000,-0.876933
0.573690,0.000000,-0.819072
0.657798,0.000000,-0.753194
0.744078,0.000000,-0.668093
0.810133,0.000000,-0.586247
0.877342,0.000000,-0.479866
0.929038,0.000000,-0.369985
0.964733,0.000000,-0.263229
0.987749,0.000000,-0.156051
0.998732,0.000000,-0.050346
0.998312,0.000000,0.058072
0.998618,0.000000,-0.052554
0.986109,0.000000,-0.166098
0.962400,0.000000,-0.271635
0.928380,0.000000,-0.371631
0.963794,0.000000,-0.266646
0.988198,0.000000,-0.153185
0.999475,0.000000,-0.032402
0.997091,0.000000,0.076223
0.983268,0.000000,0.182163
0.998062,0.000000,0.062231
0.998175,0.000000,-0.060389
0.984398,0.000000,-0.175958
0.958824,0.000000,-0.284000
0.922041,0.000000,-0.387092
0.875430,0.000000,-0.483345
0.818663,0.000000,-0.574274
0.747604,0.000000,-0.664145
0.659980,0.000000,-0.751283
0.574739,0.000000,-0.818337
0.484237,0.000000,-0.874937
0.383085,0.000000,-0.923713
0.284198,0.000000,-0.958766
0.174052,0.000000,-0.984736
0.056556,0.000000,-0.998399
-0.048945,0.000000,-0.998801
-0.153968,0.000000,-0.988076
-0.042792,0.000000,-0.999084
-0.149376,0.000000,-0.988781
-0.261959,0.000000,-0.965079
-0.366938,0.000000,-0.930245
-0.470475,0.000000,-0.882413
-0.563111,0.000000,-0.826381
-0.647207,0.000000,-0.762314
-0.558032,0.000000,-0.829819
-0.457563,0.000000,-0.889177
-0.349549,0.000000,-0.936918
-0.452567,0.000000,-0.891730
-0.555662,0.000000,-0.831409
-0.643357,0.000000,-0.765566
-0.722582,0.000000,-0.691285
-0.797110,0.000000,-0.603834
-0.856032,0.000000,-0.516923
-0.909924,0.000000,-0.414776
-0.950278,0.000000,-0.311404
-0.978702,0.000000,-0.205286
-0.994974,0.000000,-0.100131
-0.999961,0.000000,0.008794
-0.993218,0.000000,0.116269
-0.970800,0.000000,0.239892
-0.939139,0.000000,0.343537
-0.897827,0.000000,0.440348
-0.842678,0.000000,0.538418
-0.775056,0.000000,0.631893
-0.704574,0.000000,0.709630
-0.620433,0.000000,0.784259
-0.530899,0.000000,0.847435
-0.438378,0.000000,0.898791
-0.322397,0.000000,0.946605
-0.220196,0.000000,0.975456
-0.096809,0.000000,0.995303
0.008957,0.000000,0.999960
0.133560,0.000000,0.991041
0.245291,0.000000,0.969450
0.347694,0.000000,0.937608
0.459527,0.000000,0.888164
0.556914,0.000000,0.830570
0.645298,0.000000,0.763931
0.723537,0.000000,0.690286
0.797526,0.000000,0.603284
0.858666,0.000000,0.512536
0.908906,0.000000,0.417002
0.952572,0.000000,0.304313
0.910961,0.000000,0.412492
0.859460,0.000000,0.511203
0.795180,0.000000,0.606373
0.722768,0.000000,0.691091
0.640523,0.000000,0.767939
0.553317,0.000000,0.832971
0.459997,0.000000,0.887920
0.364562,0.000000,0.931179
0.262478,0.000000,0.964938
0.142536,0.000000,0.989790
0.027082,0.000000,0.999633
-0.087017,0.000000,0.996207
-0.201258,0.000000,0.979538
-0.308941,0.000000,0.951081
-0.409351,0.000000,0.912377
-0.514629,0.000000,0.857413
-0.602676,0.000000,0.797986
-0.687636,0.000000,0.726056
-0.761172,0.000000,0.648551
-0.829787,0.000000,0.558081
-0.889827,0.000000,0.456297
-0.936893,0.000000,0.349617
-0.970722,0.000000,0.240206
-0.991700,0.000000,0.128577
-0.999906,0.000000,0.013737
-0.995498,0.000000,-0.094787
-0.979878,0.000000,-0.199596
-0.996443,0.000000,-0.084265
-0.999732,0.000000,0.023163
-0.999244,0.000000,0.038887
-0.996278,0.000000,0.086201
-0.981578,0.000000,0.191063
-0.955148,0.000000,0.296129
-0.918438,0.000000,0.395565
-0.870107,0.000000,0.492863
-0.811746,0.000000,0.584011
-0.745487,0.000000,0.666520
-0.667459,0.000000,0.744647
-0.580248,0.000000,0.814440
-0.484873,0.000000,0.874585
-0.389098,0.000000,0.921196
-0.991690,0.000000,-0.128648
-0.999847,0.000000,-0.017496
-0.995536,0.000000,0.094386
-0.979228,0.000000,0.202760
-0.950677,0.000000,0.310182
-0.909384,0.000000,0.415958
-0.854124,0.000000,0.520069
-0.792657,0.000000,0.609668
-0.721564,0.000000,0.692348
-0.632201,0.000000,0.774805
-0.546709,0.000000,0.837323
-0.453306,0.000000,0.891355
-0.353188,0.000000,0.935552
-0.249171,0.000000,0.968460
-0.143733,0.000000,0.989617
-0.035597,0.000000,0.999366
0.077667,0.000000,0.996979
0.193012,0.000000,0.981196
0.298831,0.000000,0.954306
0.398191,0.000000,0.917303
0.492125,0.000000,0.870524
0.581090,0.000000,0.813839
0.482341,0.000000,0.875984
0.387592,0.000000,0.921831
0.285668,0.000000,0.958329
0.390065,0.000000,0.920787
0.487198,0.000000,0.873292
0.577759,0.000000,0.816207
0.661141,0.000000,0.750261
0.737953,0.000000,0.674852
0.806098,0.000000,0.591782
0.864422,0.000000,0.502766
0.913925,0.000000,0.405883
0.957029,0.000000,0.289991
0.982315,0.000000,0.187234
0.996942,0.000000,0.078151
0.982181,0.000000,0.187939
0.996950,0.000000,0.078047
0.999572,0.000000,-0.029243
0.990698,0.000000,-0.136076
0.967883,0.000000,-0.251400
0.931110,0.000000,-0.364739
0.886656,0.000000,-0.462429
0.825476,0.000000,-0.564438
0.750988,0.000000,-0.660316
0.673432,0.000000,-0.739250
0.588290,0.000000,-0.808650
0.498223,0.000000,-0.867049
0.402852,0.000000,-0.915265
0.496937,0.000000,-0.867787
0.586594,0.000000,-0.809881
0.671091,0.000000,-0.741375
0.746131,0.000000,-0.665799
0.812000,0.000000,-0.583657
0.870176,0.000000,-0.492742
0.918053,0.000000,-0.396457
0.955988,0.000000,-0.293405
0.982101,0.000000,-0.188354
0.996457,0.000000,-0.084104
0.981994,0.000000,-0.188914
0.953682,0.000000,-0.300817
0.913319,0.000000,-0.407244
0.861211,0.000000,-0.508248
0.802595,0.000000,-0.596524
0.735511,0.000000,-0.677513
0.660277,0.000000,-0.751023
0.573402,0.000000,-0.819274
0.479105,0.000000,-0.877758
0.382021,0.000000,-0.924153
0.281832,0.000000,-0.959464
0.173056,0.000000,-0.984912
0.068360,0.000000,-0.997661
-0.047040,0.000000,-0.998893
-0.152487,0.000000,-0.988305
-0.255944,0.000000,-0.966692
-0.358089,0.000000,-0.933687
-0.454866,0.000000,-0.890560
-0.545902,0.000000,-0.837849
-0.630870,0.000000,-0.775888
-0.710862,0.000000,-0.703332
-0.781650,0.000000,-0.623717
-0.843867,0.000000,-0.536553
-0.895571,0.000000,-0.444919
-0.937406,0.000000,-0.348239
-0.970742,0.000000,-0.240124
-0.991027,0.000000,-0.133663
-0.999955,0.000000,-0.009498
-0.994012,0.000000,0.109275
-0.975798,0.000000,0.218675
-0.941871,0.000000,0.335976
-0.894925,0.000000,0.446217
-0.837062,0.000000,0.547108
-0.771863,0.000000,0.635789
-0.700959,0.000000,0.713202
-0.617728,0.000000,0.786391
-0.523036,0.000000,0.852311
-0.425881,0.000000,0.904779
-0.327755,0.000000,0.944763
-0.223768,0.000000,0.974643
-0.111118,0.000000,0.993807
-0.005074,0.000000,0.999987
0.104051,0.000000,0.994572
0.210123,0.000000,0.977675
0.313575,0.000000,0.949563
0.421547,0.000000,0.906806
0.516365,0.000000,0.856369
0.609853,0.000000,0.792514
0.690240,0.000000,0.723580
0.763624,0.000000,0.645661
0.834221,0.000000,0.551430
0.890732,0.000000,0.454528
0.934654,0.000000,0.355559
0.968189,0.000000,0.250221
0.989043,0.000000,0.147628
0.967925,0.000000,0.251238
0.931790,0.000000,0.362998
0.885278,0.000000,0.465062
0.826299,0.000000,0.563232
0.762782,0.000000,0.646656
0.689354,0.000000,0.724425
0.607312,0.000000,0.794464
0.520325,0.000000,0.853968
0.424355,0.000000,0.905496
0.322315,0.000000,0.946633
0.206248,0.000000,0.978500
0.090132,0.000000,0.995930
-0.025210,0.000000,0.999682
-0.129675,0.000000,0.991557
-0.245630,0.000000,0.969364
-0.351408,0.000000,0.936222
-0.452485,0.000000,0.891772
-0.555431,0.000000,0.831562
-0.640176,0.000000,0.768229
-0.719680,0.000000,0.694306
-0.793606,0.000000,0.608432
-0.857916,0.000000,0.513790
-0.910338,0.000000,0.413866
-0.948745,0.000000,0.316043
-0.978359,0.000000,0.206916
-0.995400,0.000000,0.095803
-0.999918,0.000000,-0.012796
-0.992660,0.000000,-0.120936
-0.999600,0.000000,-0.028298
-0.991841,0.000000,-0.127480
-0.999738,0.000000,-0.022889
-0.995824,0.000000,0.091299
-0.980640,0.000000,0.195820
-0.954378,0.000000,0.298602
-0.916530,0.000000,0.399965
-0.867826,0.000000,0.496869
-0.809794,0.000000,0.586714
-0.728990,0.000000,0.684525
-0.646333,0.000000,0.763056
-0.558688,0.000000,0.829378
-0.461171,0.000000,0.887311
-0.362804,0.000000,0.931866
-0.257195,0.000000,0.966360
-0.152580,0.000000,0.988291
-0.046344,0.000000,0.998926
0.062519,0.000000,0.998044
0.170602,0.000000,0.985340
0.275331,0.000000,0.961349
0.380076,0.000000,0.924955
0.480454,0.000000,0.877020
0.571486,0.000000,0.820612
0.657632,0.000000,0.753339
0.567139,0.000000,0.823622
0.476508,0.000000,0.879170
0.372299,0.000000,0.928113
0.257136,0.000000,0.966375
0.151537,0.000000,0.988451
0.265604,0.000000,0.964082
0.376701,0.000000,0.926335
0.473094,0.000000,0.881012
0.562891,0.000000,0.826531
0.651798,0.000000,0.758392
0.730191,0.000000,0.683243
0.803735,0.000000,0.594988
0.861937,0.000000,0.507016
0.913037,0.000000,0.407877
0.950804,0.000000,0.309792
0.978353,0.000000,0.206941
0.995088,0.000000,0.098995
0.999872,0.000000,-0.015991
0.992603,0.000000,-0.121408
0.974358,0.000000,-0.225003
0.943846,0.000000,-0.330386
0.902523,0.000000,-0.430642
0.844497,0.000000,-0.535561
0.770833,0.000000,-0.637038
0.696876,0.000000,-0.717192
0.617745,0.000000,-0.786378
0.700440,0.000000,-0.713711
0.771633,0.000000,-0.636068
0.834500,0.000000,-0.551008
0.889179,0.000000,-0.457560
0.933043,0.000000,-0.359765
0.966499,0.000000,-0.256672
0.988429,0.000000,-0.151682
0.999238,0.000000,-0.039033
0.997716,0.000000,0.067548
0.984798,0.000000,0.173702
0.997710,0.000000,0.067631
0.999303,0.000000,-0.037330
0.989754,0.000000,-0.142781
0.969046,0.000000,-0.246880
0.937928,0.000000,-0.346829
0.893651,0.000000,-0.448762
0.833117,0.000000,-0.553097
0.766983,0.000000,-0.641668
0.692562,0.000000,-0.721358
0.605806,0.000000,-0.795613
0.509965,0.000000,-0.860195
0.408207,0.000000,-0.912889
0.307364,0.000000,-0.951592
0.203558,0.000000,-0.979063
0.095044,0.000000,-0.995473
-0.019796,0.000000,-0.999804
-0.137317,0.000000,-0.990527
-0.240462,0.000000,-0.970659
-0.133611,0.000000,-0.991034
-0.241684,0.000000,-0.970355
-0.342377,0.000000,-0.939562
-0.439105,0.000000,-0.898436
-0.539574,0.000000,-0.841938
-0.627607,0.000000,-0.778530
-0.707874,0.000000,-0.706338
-0.784014,0.000000,-0.620743
-0.846195,0.000000,-0.532873
-0.902074,0.000000,-0.431581
-0.943590,0.000000,-0.331117
-0.973760,0.000000,-0.227578
-0.992451,0.000000,-0.122642
-0.999972,0.000000,-0.007451
-0.994844,0.000000,0.101422
-0.978762,0.000000,0.204999
-0.948952,0.000000,0.315419
-0.907777,0.000000,0.419453
-0.858043,0.000000,0.513578
-0.787953,0.000000,0.615736
-0.709180,0.000000,0.705027
-0.628413,0.000000,0.777880
-0.542679,0.000000,0.839940
-0.447227,0.000000,0.894421
-0.341733,0.000000,0.939797
-0.236199,0.000000,0.971705
-0.128555,0.000000,0.991702
-0.006494,0.000000,0.999979
0.118108,0.000000,0.993001
0.231022,0.000000,0.972949
0.349730,0.000000,0.936851
0.450382,0.000000,0.892836
0.553380,0.000000,0.832929
0.651560,0.000000,0.758597
0.733170,0.000000,0.680045
0.808462,0.000000,0.588548
0.880446,0.000000,0.474146
0.931300,0.000000,0.364254
0.965315,0.000000,0.261090
0.987373,0.000000,0.158412
0.998908,0.000000,0.046731
0.987036,0.000000,0.160500
0.957561,0.000000,0.288229
0.917544,0.000000,0.397633
0.864880,0.000000,0.501979
0.790277,0.000000,0.612749
0.699387,0.000000,0.714743
0.619604,0.000000,0.784915
0.519994,0.000000,0.854170
0.426741,0.000000,0.904374
0.314747,0.000000,0.949176
0.209226,0.000000,0.977867
0.103436,0.000000,0.994636
-0.013134,0.000000,0.999914
-0.132078,0.000000,0.991239
-0.248262,0.000000,0.968693
-0.362661,0.000000,0.931921
-0.479435,0.000000,0.877577
-0.570121,0.000000,0.821561
-0.656359,0.000000,0.754449
-0.743630,0.000000,0.668591
-0.821091,0.000000,0.570797
-0.886911,0.000000,0.461941
-0.934786,0.000000,0.355210
-0.969509,0.000000,0.245057
-0.991522,0.000000,0.129937
-0.999714,0.000000,0.023928
-0.996484,0.000000,-0.083780
-0.982124,0.000000,-0.188235
-0.996616,0.000000,-0.082195
-0.999508,0.000000,0.031365
-0.998520,0.000000,0.054382
-0.995196,0.000000,0.097898
-0.976831,0.000000,0.214010
-0.944930,0.000000,0.327274
-0.899342,0.000000,0.437245
-0.846240,0.000000,0.532802
-0.784039,0.000000,0.620711
-0.714268,0.000000,0.699872
-0.631001,0.000000,0.775782
-0.543551,0.000000,0.839376
-0.451857,0.000000,0.892090
-0.346486,0.000000,0.938055
-0.242530,0.000000,0.970144
-0.138836,0.000000,0.990315
-0.022579,0.000000,0.999745
0.090134,0.000000,0.995930
0.194902,0.000000,0.980823
0.296429,0.000000,0.955055
0.397658,0.000000,0.917534
0.501666,0.000000,0.865062
0.593252,0.000000,0.805017
0.502863,0.000000,0.864366
0.408725,0.000000,0.912658
0.305716,0.000000,0.952123
0.202003,0.000000,0.979385
0.097177,0.000000,0.995267
0.203477,0.000000,0.979080
0.315208,0.000000,0.949022
0.417655,0.000000,0.908606
0.513342,0.000000,0.858184
0.603498,0.000000,0.797365
0.693565,0.000000,0.720394
0.768488,0.000000,0.639864
0.833810,0.000000,0.552052
0.886989,0.000000,0.461790
0.933909,0.000000,0.357510
0.969787,0.000000,0.243951
0.990536,0.000000,0.137254
0.999744,0.000000,0.022642
0.996612,0.000000,-0.082251
0.981656,0.000000,-0.190660
0.953531,0.000000,-0.301293
0.914903,0.000000,-0.403673
0.863399,0.000000,-0.504521
0.799278,0.000000,-0.600962
0.729634,0.000000,-0.683838
0.651756,0.000000,-0.758429
0.563766,0.000000,-0.825935
0.473546,0.000000,-0.880769
0.365854,0.000000,-0.930672
0.259667,0.000000,-0.965698
0.154572,0.000000,-0.987981
0.273869,0.000000,-0.961767
0.373114,0.000000,-0.927785
0.475575,0.000000,-0.879675
0.570199,0.000000,-0.821506
0.659536,0.000000,-0.751673
0.736460,0.000000,-0.676481
0.809830,0.000000,-0.586664
0.869526,0.000000,-0.493887
0.918670,0.000000,-0.395027
0.956792,0.000000,-0.290774
0.982171,0.000000,-0.187992
0.996604,0.000000,-0.082338
0.999684,0.000000,0.025134
0.991554,0.000000,0.129696
0.999693,0.000000,0.024793
0.996751,0.000000,-0.080547
0.982125,0.000000,-0.188230
0.954497,0.000000,-0.298220
0.917941,0.000000,-0.396718
0.870206,0.000000,-0.492688
0.808189,0.000000,-0.588924
0.732795,0.000000,-0.680450
0.654204,0.000000,-0.756318
0.567922,0.000000,-0.823082
0.467759,0.000000,-0.883856
0.355511,0.000000,-0.934672
0.254803,0.000000,-0.966993
0.129975,0.000000,-0.991517
0.016715,0.000000,-0.999860
-0.092109,0.000000,-0.995749
-0.197779,0.000000,-0.980247
-0.301968,0.000000,-0.953318
-0.407546,0.000000,-0.913185
-0.503954,0.000000,-0.863731
-0.591874,0.000000,-0.806031
-0.673619,0.000000,-0.739079
-0.750196,0.000000,-0.661215
-0.817070,0.000000,-0.576539
-0.874925,0.000000,-0.484258
-0.923538,0.000000,-0.383508
-0.958692,0.000000,-0.284447
-0.983298,0.000000,-0.182004
-0.997486,0.000000,-0.070857
-0.998846,0.000000,0.048020
-0.988061,0.000000,0.154063
-0.964730,0.000000,0.263241
-0.930904,0.000000,0.365265
-0.885082,0.000000,0.465436
-0.822114,0.000000,0.569322
-0.745727,0.000000,0.666252
-0.664344,0.000000,0.747427
-0.576582,0.000000,0.817039
-0.487812,0.000000,0.872949
-0.389668,0.000000,0.920955
-0.289238,0.000000,0.957257
-0.187491,0.000000,0.982266
-0.082163,0.000000,0.996619
0.027993,0.000000,0.999608
0.132794,0.000000,0.991144
0.240335,0.000000,0.970690
0.346520,0.000000,0.938043
0.451640,0.000000,0.892200
0.542465,0.000000,0.840078
0.638739,0.000000,0.769423
0.722680,0.000000,0.691183
0.793428,0.000000,0.608664
0.862125,0.000000,0.506695
0.911111,0.000000,0.412161
0.952647,0.000000,0.304079
0.983089,0.000000,0.183128
0.998423,0.000000,0.056131
0.997861,0.000000,-0.065377
0.984253,0.000000,-0.176767
0.997487,0.000000,-0.070845
0.998985,0.000000,0.045033
0.987473,0.000000,0.157787
0.960984,0.000000,0.276604
0.924035,0.000000,0.382308
0.874323,0.000000,0.485344
0.809623,0.000000,0.586951
0.737434,0.000000,0.675420
0.652045,0.000000,0.758180
0.564941,0.000000,0.825131
0.461797,0.000000,0.886986
0.351692,0.000000,0.936116
0.244188,0.000000,0.969728
0.140208,0.000000,0.990122
0.023355,0.000000,0.999727
-0.092739,0.000000,0.995690
-0.202321,0.000000,0.979319
-0.307000,0.000000,0.951709
-0.411632,0.000000,0.911350
-0.509187,0.000000,0.860656
-0.597694,0.000000,0.801724
-0.682287,0.000000,0.731085
-0.759775,0.000000,0.650187
-0.825515,0.000000,0.564380
-0.885029,0.000000,0.465535
-0.931490,0.000000,0.363767
-0.966465,0.000000,0.256800
-0.990035,0.000000,0.140822
-0.999650,0.000000,0.026441
-0.996290,0.000000,-0.086060
-0.980357,0.000000,-0.197230
-0.951484,0.000000,-0.307699
-0.912240,0.000000,-0.409655
-0.858269,0.000000,-0.513200
-0.797635,0.000000,-0.603140
-0.728985,0.000000,-0.684529
-0.801162,0.000000,-0.598448
-0.863724,0.000000,-0.503965
-0.912077,0.000000,-0.410018
-0.949949,0.000000,-0.312406
-0.977521,0.000000,-0.210838
-0.994824,0.000000,-0.101609
-0.999811,0.000000,0.019422
-0.991882,0.000000,0.127165
-0.973118,0.000000,0.230305
-0.942439,0.000000,0.334378
-0.902000,0.000000,0.431735
-0.943940,0.000000,0.330116
-0.973799,0.000000,0.227410
-0.993050,0.000000,0.117692
-0.999914,0.000000,0.013086
-0.995764,0.000000,-0.091945
-0.988003,0.000000,-0.154434
-0.996592,0.000000,0.082488
-0.981853,0.000000,0.189644
-0.956083,0.000000,0.293095
-0.917759,0.000000,0.397139
-0.871110,0.000000,0.491088
-0.810158,0.000000,0.586212
-0.733044,0.000000,0.680181
-0.653665,0.000000,0.756784
-0.566121,0.000000,0.824322
-0.465994,0.000000,0.884788
-0.368941,0.000000,0.929453
-0.248283,0.000000,0.968688
-0.138110,0.000000,0.990417
-0.023540,0.000000,0.999723
0.082469,0.000000,0.996594
0.186782,0.000000,0.982401
0.310797,0.000000,0.950476
0.414745,0.000000,0.909938
0.509336,0.000000,0.860568
0.405475,0.000000,0.914106
0.303078,0.000000,0.952966
0.188998,0.000000,0.981977
0.084344,0.000000,0.996437
0.193316,0.000000,0.981137
0.299165,0.000000,0.954201
0.400064,0.000000,0.916487
0.498853,0.000000,0.866687
0.587101,0.000000,0.809514
0.671297,0.000000,0.741188
0.745670,0.000000,0.666316
0.816322,0.000000,0.577597
0.872606,0.000000,0.488425
0.919066,0.000000,0.394104
0.956136,0.000000,0.292923
0.981587,0.000000,0.191015
0.996542,0.000000,0.083087
0.999762,0.000000,-0.021832
0.991501,0.000000,-0.130102
-0.996468,0.000000,0.083975
-0.981173,0.000000,0.193133
-0.954053,0.000000,0.299638
-0.916705,0.000000,0.399566
-0.868588,0.000000,0.495535
-0.811183,0.000000,0.584793
-0.736311,0.000000,0.676643
-0.647286,0.000000,0.762247
-0.560335,0.000000,0.828266
-0.464813,0.000000,0.885409
-0.352998,0.000000,0.935624
-0.250492,0.000000,0.968119
-0.147598,0.000000,0.989047
-0.040853,0.000000,0.999165
0.070957,0.000000,0.997479
0.175184,0.000000,0.984536
0.281409,0.000000,0.959588
0.383865,0.000000,0.923389
0.484422,0.000000,0.874834
0.383079,0.000000,0.923716
0.282407,0.000000,0.959295
0.180430,0.000000,0.983588
0.289507,0.000000,0.957176
0.397880,0.000000,0.917438
0.493453,0.000000,0.869772
0.587530,0.000000,0.809202
0.673399,0.000000,0.739279
0.760805,0.000000,0.648981
0.833603,0.000000,0.552363
0.888847,0.000000,0.458204
0.931958,0.000000,0.362565
0.966040,0.000000,0.258391
0.987876,0.000000,0.155247
0.999036,0.000000,0.043892
-0.995561,0.000000,0.094116
-0.979526,0.000000,0.201317
-0.952341,0.000000,0.305036
-0.909240,0.000000,0.416272
-0.859800,0.000000,0.510631
-0.787435,0.000000,0.616397
-0.712990,0.000000,0.701174
-0.633445,0.000000,0.773788
-0.538777,0.000000,0.842448
-0.446641,0.000000,0.894713
-0.345534,0.000000,0.938406
-0.236070,0.000000,0.971736
-0.126531,0.000000,0.991963
0.000025,0.000000,1.000000
0.108681,0.000000,0.994077
0.230804,0.000000,0.973000
0.338024,0.000000,0.941138
0.441558,0.000000,0.897233
0.337948,0.000000,0.941165
0.234390,0.000000,0.972143
0.129706,0.000000,0.991553
0.238903,0.000000,0.971043
0.345713,0.000000,0.938340
0.446498,0.000000,0.894785
0.560280,0.000000,0.828304
0.661134,0.000000,0.750268
0.745333,0.000000,0.666692
0.821502,0.000000,0.570206
0.884294,0.000000,0.466930
0.930241,0.000000,0.366949
0.964404,0.000000,0.264432
0.987170,0.000000,0.159675
0.999020,0.000000,0.044270
0.996905,0.000000,-0.078612
0.981377,0.000000,-0.192092
0.952013,0.000000,-0.306057
0.910514,0.000000,-0.413477
0.859643,0.000000,-0.510895
0.800351,0.000000,-0.599532
0.720659,0.000000,-0.693289
0.637175,0.000000,-0.770719
0.546287,0.000000,-0.837598
0.651453,0.000000,-0.758689
0.737269,0.000000,-0.675599
0.819052,0.000000,-0.573720
0.876768,0.000000,-0.480913
0.929128,0.000000,-0.369757
0.969562,0.000000,-0.244846
0.990120,0.000000,-0.140220
0.999550,0.000000,-0.029989
0.996916,0.000000,0.078471
-0.996427,0.000000,0.084458
-0.999762,0.000000,-0.021836
-0.989918,0.000000,-0.141641
-0.966193,0.000000,-0.257818
-0.988088,0.000000,-0.153889
-0.999308,0.000000,-0.037192
-0.997565,0.000000,0.069738
-0.981783,0.000000,0.190007
-0.954949,0.000000,0.296772
-0.915879,0.000000,0.401455
-0.868496,0.000000,0.495696
-0.810407,0.000000,0.585867
-0.739186,0.000000,0.673502
-0.662314,0.000000,0.749227
-0.575760,0.000000,0.817618
-0.477567,0.000000,0.878595
-0.376021,0.000000,0.926611
-0.258974,0.000000,0.965884
-0.154145,0.000000,0.988048
-0.996437,0.000000,0.084339
-0.981928,0.000000,0.189254
-0.952338,0.000000,0.305046
-0.912348,0.000000,0.409416
-0.851406,0.000000,0.524507
-0.788724,0.000000,0.614747
-0.719156,0.000000,0.694849
-0.642209,0.000000,0.766529
-0.553472,0.000000,0.832868
-0.457487,0.000000,0.889216
-0.359476,0.000000,0.933154
-0.252747,0.000000,0.967532
-0.148908,0.000000,0.988851
-0.995943,0.000000,0.089991
-0.980106,0.000000,0.198475
-0.953441,0.000000,0.301579
-0.996287,0.000000,0.086096
-0.981815,0.000000,0.189839
-0.956566,0.000000,0.291517
-0.920340,0.000000,0.391120
-0.871917,0.000000,0.489653
-0.815259,0.000000,0.579097
-0.742733,0.000000,0.669587
-0.667944,0.000000,0.744211
-0.996579,0.000000,0.082649
-0.981575,0.000000,0.191077
-0.953406,0.000000,0.301691
-0.914261,0.000000,0.405126
-0.865773,0.000000,0.500436
-0.799436,0.000000,0.600751
-0.725270,0.000000,0.688465
-0.642256,0.000000,0.766490
-0.558095,0.000000,0.829777
-0.466987,0.000000,0.884264
-0.363796,0.000000,0.931479
-0.259614,0.000000,0.965713
-0.153571,0.000000,0.988138
-0.996279,0.000000,0.086183
-0.999766,0.000000,-0.021612
-0.995768,0.000000,0.091900
-0.979707,0.000000,0.200433
-0.953134,0.000000,0.302548
-0.910635,0.000000,0.413211
-0.859594,0.000000,0.510978
-0.799799,0.000000,0.600268
-0.729552,0.000000,0.683925
-0.650141,0.000000,0.759814
-0.563814,0.000000,0.825902
-0.472792,0.000000,0.881174
-0.376528,0.000000,0.926405
-0.276109,0.000000,0.961126
-0.172167,0.000000,0.985068
-0.066085,0.000000,0.997814
0.044773,0.000000,0.998997
-0.061458,0.000000,0.998110
-0.996288,0.000000,0.086085
-0.981558,0.000000,0.191163
-0.996587,0.000000,0.082547
-0.981659,0.000000,0.190643
-0.954327,0.000000,0.298764
-0.916422,0.000000,0.400215
-0.868832,0.000000,0.495107
-0.812268,0.000000,0.583285
-0.737437,0.000000,0.675415
-0.657211,0.000000,0.753707
-0.551036,0.000000,0.834482
-0.442015,0.000000,0.897008
-0.342473,0.000000,0.939528
-0.238140,0.000000,0.971231
-0.996535,0.000000,0.083179
-0.980794,0.000000,0.195045
-0.951960,0.000000,0.306221
-0.905888,0.000000,0.423516
-0.853656,0.000000,0.520837
-0.782884,0.000000,0.622167
-0.701827,0.000000,0.712347
-0.613876,0.000000,0.789402
-0.523501,0.000000,0.852025
-0.996428,0.000000,0.084451
-0.981625,0.000000,0.190821
-0.954932,0.000000,0.296824
-0.918220,0.000000,0.396072
-0.871344,0.000000,0.490672
-0.810974,0.000000,0.585082
-0.744498,0.000000,0.667625
-0.668924,0.000000,0.743331
-0.747081,0.000000,0.664733
-0.814133,0.000000,0.580679
-0.870421,0.000000,0.492308
-0.996573,0.000000,0.082717
-0.981340,0.000000,0.192282
-0.954974,0.000000,0.296688
-0.915454,0.000000,0.402422
-0.868263,0.000000,0.496103
