-0.998317,0.000000,0.057990
-0.990231,0.000000,0.139439
-0.974386,0.000000,0.224880
-0.951800,0.000000,0.306718
-0.917739,0.000000,0.397185
-0.878275,0.000000,0.478156
-0.833820,0.000000,0.552036
-0.785210,0.000000,0.619229
-0.728319,0.000000,0.685238
-0.667915,0.000000,0.744238
-0.592252,0.000000,0.805753
-0.507408,0.000000,0.861706
-0.437579,0.000000,0.899180
-0.359598,0.000000,0.933107
-0.274718,0.000000,0.961525
-0.196329,0.000000,0.980538
-0.115658,0.000000,0.993289
-0.034484,0.000000,0.999405
0.052664,0.000000,0.998612
0.155522,0.000000,0.987832
0.233923,0.000000,0.972255
0.323124,0.000000,0.946357
0.405739,0.000000,0.913989
0.480832,0.000000,0.876813
0.549801,0.000000,0.835295
0.614472,0.000000,0.788939
0.676778,0.000000,0.736187
0.737574,0.000000,0.675266
0.788762,0.000000,0.614699
0.842886,0.000000,0.538092
0.884437,0.000000,0.466659
0.918381,0.000000,0.395696
0.947881,0.000000,0.318625
0.972059,0.000000,0.234735
0.988228,0.000000,0.152986
0.997564,0.000000,0.069754
0.999935,0.000000,-0.011397
0.995653,0.000000,-0.093138
0.983747,0.000000,-0.179562
0.956248,0.000000,-0.292556
0.923142,0.000000,-0.384458
0.878496,0.000000,-0.477749
0.824190,0.000000,-0.566313
0.769014,0.000000,-0.639232
0.705803,0.000000,-0.708408
0.642386,0.000000,-0.766381
0.579698,0.000000,-0.814832
0.512946,0.000000,-0.858421
0.586269,0.000000,-0.810116
0.650615,0.000000,-0.759407
0.738065,0.000000,-0.674729
0.803935,0.000000,-0.594717
0.861318,0.000000,-0.508066
0.911227,0.000000,-0.411905
0.947939,0.000000,-0.318451
0.971503,0.000000,-0.237029
0.991399,0.000000,-0.130874
0.976287,0.000000,-0.216479
0.948673,0.000000,-0.316260
0.917122,0.000000,-0.398607
0.881068,0.000000,-0.472990
0.838864,0.000000,-0.544341
0.785335,0.000000,-0.619071
0.713613,0.000000,-0.700540
0.643344,0.000000,-0.765577
0.572449,0.000000,-0.819940
0.505639,0.000000,-0.862745
0.427383,0.000000,-0.904071
0.354923,0.000000,-0.934896
0.273531,0.000000,-0.961863
0.180673,0.000000,-0.983543
0.091012,0.000000,-0.995850
-0.006528,0.000000,-0.999979
-0.097726,0.000000,-0.995213
-0.175623,0.000000,-0.984458
-0.259327,0.000000,-0.965790
-0.338875,0.000000,-0.940831
-0.413106,0.000000,-0.910683
-0.485728,0.000000,-0.874110
-0.553364,0.000000,-0.832939
-0.617699,0.000000,-0.786414
-0.681719,0.000000,-0.731614
-0.737562,0.000000,-0.675279
-0.792369,0.000000,-0.610042
-0.846447,0.000000,-0.532473
-0.892598,0.000000,-0.450854
-0.940362,0.000000,-0.340176
-0.969831,0.000000,-0.243780
-0.990073,0.000000,-0.140553
-0.998749,0.000000,-0.049996
-0.999531,0.000000,0.030628
-0.993442,0.000000,0.114338
-0.980944,0.000000,0.194290
-0.957414,0.000000,0.288719
-0.926941,0.000000,0.375208
-0.889368,0.000000,0.457193
-0.849877,0.000000,0.526981
-0.789236,0.000000,0.614090
-0.722614,0.000000,0.691252
-0.644963,0.000000,0.764214
-0.572305,0.000000,0.820041
-0.496809,0.000000,0.867860
-0.402942,0.000000,0.915226
-0.329707,0.000000,0.944083
-0.244842,0.000000,0.969563
-0.155188,0.000000,0.987885
-0.064148,0.000000,0.997940
0.023681,0.000000,0.999720
0.115166,0.000000,0.993346
0.214022,0.000000,0.976829
0.310333,0.000000,0.950628
0.387621,0.000000,0.921819
0.458802,0.000000,0.888538
0.532104,0.000000,0.846679
0.601668,0.000000,0.798746
0.668204,0.000000,0.743978
0.732309,0.000000,0.680973
0.801102,0.000000,0.598529
0.852547,0.000000,0.522650
0.898932,0.000000,0.438088
0.930695,0.000000,0.365795
0.898516,0.000000,0.438940
0.857327,0.000000,0.514772
0.813768,0.000000,0.581189
0.754735,0.000000,0.656030
0.689292,0.000000,0.724484
0.620786,0.000000,0.783980
0.554767,0.000000,0.832006
0.475919,0.000000,0.879489
0.386958,0.000000,0.922097
0.297188,0.000000,0.954819
0.207214,0.000000,0.978296
0.125467,0.000000,0.992098
0.035697,0.000000,0.999363
-0.051876,0.000000,0.998654
-0.147826,0.000000,0.989013
-0.242449,0.000000,0.970164
-0.324917,0.000000,0.945742
-0.427317,0.000000,0.904102
-0.511981,0.000000,0.858997
-0.588557,0.000000,0.808455
-0.658090,0.000000,0.752940
-0.722465,0.000000,0.691408
-0.788116,0.000000,0.615527
-0.844221,0.000000,0.535995
-0.889198,0.000000,0.457523
-0.934248,0.000000,0.356624
-0.967594,0.000000,0.252511
-0.987872,0.000000,0.155271
-0.998270,0.000000,0.058797
-0.999582,0.000000,-0.028917
-0.993513,0.000000,-0.113715
-0.981282,0.000000,-0.192575
-0.962801,0.000000,-0.270213
-0.935358,0.000000,-0.353704
-0.901208,0.000000,-0.433386
-0.862524,0.000000,-0.506017
-0.815196,0.000000,-0.579185
-0.761507,0.000000,-0.648157
-0.697170,0.000000,-0.716906
-0.636074,0.000000,-0.771628
-0.573175,0.000000,-0.819433
-0.505200,0.000000,-0.863002
-0.415097,0.000000,-0.909777
-0.340667,0.000000,-0.940184
-0.251297,0.000000,-0.967910
-0.150115,0.000000,-0.988669
-0.046404,0.000000,-0.998923
0.041322,0.000000,-0.999146
0.124437,0.000000,-0.992228
0.206962,0.000000,-0.978349
0.285278,0.000000,-0.958445
0.361204,0.000000,-0.932487
0.437412,0.000000,-0.899261
0.509136,0.000000,-0.860686
0.581745,0.000000,-0.813371
0.645570,0.000000,-0.763701
0.710331,0.000000,-0.703868
0.771073,0.000000,-0.636747
0.821500,0.000000,-0.570209
0.870156,0.000000,-0.492776
0.908989,0.000000,-0.416819
0.942535,0.000000,-0.334108
0.967760,0.000000,-0.251874
0.985883,0.000000,-0.167437
0.997251,0.000000,-0.074093
0.999940,0.000000,0.010958
0.993641,0.000000,0.112596
0.978605,0.000000,0.205748
0.957275,0.000000,0.289178
0.929390,0.000000,0.369099
0.887828,0.000000,0.460175
0.846773,0.000000,0.531954
0.792268,0.000000,0.610173
0.741111,0.000000,0.671382
0.661667,0.000000,0.749797
0.591551,0.000000,0.806268
0.524365,0.000000,0.851494
0.434645,0.000000,0.900602
0.355938,0.000000,0.934510
0.279336,0.000000,0.960193
0.199449,0.000000,0.979908
0.120187,0.000000,0.992751
0.032486,0.000000,0.999472
-0.049245,0.000000,0.998787
-0.136305,0.000000,0.990667
-0.218178,0.000000,0.975909
-0.294823,0.000000,0.955552
-0.215308,0.000000,0.976546
-0.304176,0.000000,0.952616
-0.400069,0.000000,0.916485
-0.475396,0.000000,0.879772
-0.549360,0.000000,0.835586
-0.638267,0.000000,0.769815
-0.714432,0.000000,0.699705
-0.769360,0.000000,0.638815
-0.821754,0.000000,0.569843
-0.877885,0.000000,0.478872
-0.918263,0.000000,0.395971
-0.946604,0.000000,0.322399
-0.969213,0.000000,0.246226
-0.986104,0.000000,0.166131
-0.997073,0.000000,0.076455
-0.999975,0.000000,-0.007022
-0.997642,0.000000,0.068629
-0.998390,0.000000,0.056714
-0.990727,0.000000,0.135865
-0.976006,0.000000,0.217743
-0.955151,0.000000,0.296120
-0.928386,0.000000,0.371618
-0.895866,0.000000,0.444325
-0.852514,0.000000,0.522705
-0.803467,0.000000,0.595349
-0.736193,0.000000,0.676772
-0.680022,0.000000,0.733192
-0.598175,0.000000,0.801366
-0.532217,0.000000,0.846608
-0.451632,0.000000,0.892204
-0.373667,0.000000,0.927563
-0.298926,0.000000,0.954276
-0.209084,0.000000,0.977898
-0.130134,0.000000,0.991496
-0.025765,0.000000,0.999668
0.053406,0.000000,0.998573
0.133088,0.000000,0.991104
0.228463,0.000000,0.973553
0.307682,0.000000,0.951489
0.381675,0.000000,0.924297
0.454931,0.000000,0.890527
0.539372,0.000000,0.842067
0.612187,0.000000,0.790713
0.685417,0.000000,0.728151
0.757229,0.000000,0.653149
0.816504,0.000000,0.577340
0.869348,0.000000,0.494200
0.907966,0.000000,0.419045
0.938161,0.000000,0.346199
0.962752,0.000000,0.270388
0.981113,0.000000,0.193436
0.993451,0.000000,0.114255
0.999637,0.000000,0.026955
0.997389,0.000000,-0.072215
0.986530,0.000000,-0.163581
0.965637,0.000000,-0.259895
0.940865,0.000000,-0.338782
0.908925,0.000000,-0.416959
0.867437,0.000000,-0.497546
0.817105,0.000000,-0.576488
0.754973,0.000000,-0.655756
0.682914,0.000000,-0.730499
0.617495,0.000000,-0.786574
0.548182,0.000000,-0.836359
0.479496,0.000000,-0.877544
0.551769,0.000000,-0.833997
0.626728,0.000000,-0.779238
0.686122,0.000000,-0.727487
0.742014,0.000000,-0.670384
0.797050,0.000000,-0.603913
0.844007,0.000000,-0.536332
0.885388,0.000000,-0.464853
0.925883,0.000000,-0.377811
0.953526,0.000000,-0.301309
0.974600,0.000000,-0.223951
0.953768,0.000000,-0.300545
0.925601,0.000000,-0.378502
0.887658,0.000000,-0.460502
0.848502,0.000000,-0.529192
0.796381,0.000000,-0.604795
0.735380,0.000000,-0.677655
0.675056,0.000000,-0.737767
0.607713,0.000000,-0.794157
0.543403,0.000000,-0.839472
0.471119,0.000000,-0.882069
0.392181,0.000000,-0.919888
0.318170,0.000000,-0.948034
0.238678,0.000000,-0.971099
0.147764,0.000000,-0.989023
0.066921,0.000000,-0.997758
-0.013250,0.000000,-0.999912
-0.092931,0.000000,-0.995673
-0.195771,0.000000,-0.980650
-0.277748,0.000000,-0.960654
-0.363526,0.000000,-0.931584
-0.439991,0.000000,-0.898002
-0.514412,0.000000,-0.857543
-0.591434,0.000000,-0.806354
-0.657629,0.000000,-0.753342
-0.720319,0.000000,-0.693643
-0.782482,0.000000,-0.622673
-0.829978,0.000000,-0.557796
-0.872054,0.000000,-0.489410
-0.907823,0.000000,-0.419353
-0.939792,0.000000,-0.341747
-0.967851,0.000000,-0.251525
-0.989833,0.000000,-0.142234
-0.998066,0.000000,-0.062167
-0.999659,0.000000,0.026098
-0.993337,0.000000,0.115249
-0.979782,0.000000,0.200068
-0.958019,0.000000,0.286704
-0.928659,0.000000,0.370936
-0.890664,0.000000,0.454662
-0.841058,0.000000,0.540945
-0.784878,0.000000,0.619650
-0.731336,0.000000,0.682018
-0.665913,0.000000,0.746030
-0.595487,0.000000,0.803365
-0.529190,0.000000,0.848503
-0.449835,0.000000,0.893112
-0.371830,0.000000,0.928301
-0.294718,0.000000,0.955584
-0.212594,0.000000,0.977140
-0.122861,0.000000,0.992424
-0.041474,0.000000,0.999140
0.038666,0.000000,0.999252
0.120118,0.000000,0.992760
0.214258,0.000000,0.976777
0.294516,0.000000,0.955646
0.377132,0.000000,0.926160
0.473762,0.000000,0.880653
0.567820,0.000000,0.823153
0.648598,0.000000,0.761132
0.706354,0.000000,0.707859
0.767447,0.000000,0.641112
0.826829,0.000000,0.562454
0.871580,0.000000,0.490254
0.911909,0.000000,0.410392
0.876783,0.000000,0.480887
0.829205,0.000000,0.558945
0.778507,0.000000,0.627636
0.723571,0.000000,0.690250
0.662153,0.000000,0.749368
0.593006,0.000000,0.805198
0.507700,0.000000,0.861534
0.426153,0.000000,0.904651
0.339499,0.000000,0.940606
0.264305,0.000000,0.964439
0.184375,0.000000,0.982856
0.101800,0.000000,0.994805
0.016615,0.000000,0.999862
-0.066237,0.000000,0.997804
-0.161113,0.000000,0.986936
-0.240405,0.000000,0.970673
-0.321873,0.000000,0.946783
-0.411046,0.000000,0.911615
-0.483431,0.000000,0.875383
-0.555767,0.000000,0.831338
-0.626382,0.000000,0.779516
-0.708041,0.000000,0.706171
-0.776737,0.000000,0.629825
-0.826428,0.000000,0.563043
-0.872670,0.000000,0.488311
-0.914818,0.000000,0.403867
-0.955079,0.000000,0.296351
-0.981900,0.000000,0.189402
-0.996412,0.000000,0.084637
-0.999833,0.000000,-0.018251
-0.992750,0.000000,-0.120196
-0.976958,0.000000,-0.213432
-0.953057,0.000000,-0.302789
-0.921298,0.000000,-0.388858
-0.880267,0.000000,-0.474479
-0.839438,0.000000,-0.543456
-0.773971,0.000000,-0.633221
-0.715152,0.000000,-0.698969
-0.652193,0.000000,-0.758053
-0.577804,0.000000,-0.816175
-0.501937,0.000000,-0.864904
-0.430181,0.000000,-0.902743
-0.340719,0.000000,-0.940165
-0.236400,0.000000,-0.971656
-0.137022,0.000000,-0.990568
-0.055996,0.000000,-0.998431
0.042106,0.000000,-0.999113
0.127754,0.000000,-0.991806
0.218814,0.000000,-0.975767
0.316241,0.000000,-0.948679
0.407017,0.000000,-0.913420
0.497077,0.000000,-0.867707
0.566347,0.000000,-0.824167
0.630479,0.000000,-0.776207
0.697610,0.000000,-0.716478
0.752795,0.000000,-0.658256
0.808223,0.000000,-0.588877
0.860137,0.000000,-0.510063
0.903767,0.000000,-0.428025
0.942052,0.000000,-0.335467
0.967212,0.000000,-0.253971
0.984872,0.000000,-0.173281
0.995445,0.000000,-0.095338
1.000000,0.000000,0.000169
0.994542,0.000000,0.104339
0.978129,0.000000,0.208000
0.953200,0.000000,0.302341
0.919427,0.000000,0.393260
0.883260,0.000000,0.468883
0.842214,0.000000,0.539144
0.779697,0.000000,0.626157
0.703470,0.000000,0.710725
0.644316,0.000000,0.764760
0.565218,0.000000,0.824942
0.490167,0.000000,0.871629
0.411690,0.000000,0.911324
0.329685,0.000000,0.944091
0.222299,0.000000,0.974979
0.124997,0.000000,0.992157
0.037311,0.000000,0.999304
-0.044813,0.000000,0.998995
-0.131019,0.000000,0.991380
-0.212640,0.000000,0.977131
-0.305859,0.000000,0.952077
-0.391229,0.000000,0.920293
-0.478401,0.000000,0.878142
-0.574031,0.000000,0.818833
-0.666192,0.000000,0.745780
-0.736384,0.000000,0.676563
-0.802230,0.000000,0.597016
-0.850604,0.000000,0.525807
-0.894732,0.000000,0.446604
-0.932046,0.000000,0.362341
-0.960756,0.000000,0.277396
-0.984240,0.000000,0.176835
-0.995972,0.000000,0.089660
-0.999985,0.000000,0.005390
-0.997273,0.000000,-0.073796
-0.997227,0.000000,-0.074421
